0  
2.58496  
4  
5.08746  
5.58496  
4.32193  
0 0.40453832690895 0.029715269402979
1 1.0992656015569 0.0085962119928636
1.58496 1.167676791296 0.011032950013027
2 1.2338730293961 0.007077910850848
2.32193 1.106206573513 0.011496871369462
2.58496 1.2951178007143 0.0033317066479138
3 1.2778285213054 0.0051182067956316
3.16993 1.2407273879246 0.010857719617484
3.45943 1.1055781584694 0.012333413702695
3.70044 1.0905075705761 0.014464864315409
4 1.3174309592664 0.0058053553088632
4.24793 1.1143637995707 0.011989618990694
4.45943 1.2177525929075 0.0042935259354129
4.70044 1.2286737842547 0.0070667112595877
5 1.3318002859909 0.0076171386715632
5.24793 1.231227361831 0.0057306724360512
5.49185 1.3254063008226 0.0098026630546871
5.72792 1.1644431334685 0.010306950395518
6 1.3634476084184 0.0058604432535834
6.24793 1.3380156493203 0.0049510362061598
6.49185 1.4284805178089 0.0086793015830038
6.74147 1.211693221579 0.010887704432947
7 1.3571956117436 0.0070113533518029
7.24793 1.3609014293371 0.0052129450613148
7.49985 1.3212691285992 0.012326524283315
7.74819 1.2819466774454 0.0059724197839864
8 1.4969219110213 0.016052673571552
8.24793 1.3944731734732 0.0036064945891002
8.49985 1.3386545247222 0.006120265142728
8.74819 1.3703208996678 0.0043597901035913
9 1.3759509051819 0.0063304154581955
9.24793 1.3808645197104 0.0058368297699774
9.49985 1.3934725894449 0.0046168977446249
9.74987 1.3880693516996 0.0070608713073881
10 1.4080325173602 0.0033470545246807
10.2491 1.4101010598772 0.0057593362231512
10.4998 1.4276293983499 0.0045126831590486
10.7499 1.4394307006599 0.0061775163975654
11 1.451841361352 0.006164553727383
11.2497 1.4633356155106 0.0091099650260565
11.4998 1.4751416488128 0.0074730572101856
11.7499 1.4914077274569 0.0066530393948144
12 1.5067315573816 0.0071118208727916
12.2497 1.5190624912673 0.0060699805300555
12.4998 1.5355819498471 0.0043485771077383
12.7499 1.5506870316016 0.0089508853897025
13 1.5616323025252 0.0067603897185619
13.2499 1.5804212733821 0.0067978803472925
13.5 1.5946142960095 0.0092677286534648
13.75 1.6130819588512 0.0080968703585031
14 1.6295073990555 0.0089546649339607
14.2499 1.6424847069513 0.0069886458593496
14.5 1.6629832735356 0.007016152873978
14.75 1.6729764054658 0.0082182926723625
15 1.6857065356737 0.0069971467282808
15.25 1.706055832902 0.0061718307194682
15.5 1.7245285348604 0.0099423703330394
15.75 1.7346805803351 0.009850312039582
16 1.7590020543415 0.0055981739940311
16.25 1.7747596720807 0.011059509510256
16.5 1.7910002184425 0.014348663317438
16.75 1.8056608009645 0.013280224693267
17 1.8279538888201 0.012446737767947
17.25 1.8476203120559 0.0142226844115
17.5 1.8690008762246 0.014176824738664
17.75 1.8862437610128 0.012599916914103
18 1.9033605081814 0.014430783020418
18.25 1.923222718797 0.011225425684119
18.5 1.9472338831549 0.017150207169093
18.75 1.9697891301894 0.010980433341906
19 1.9901679404984 0.013617785460373
19.25 2.0137434438496 0.020483344938641
19.5 2.0321754138427 0.017827022494941
19.75 2.0617255003819 0.018987892760812
20 2.0770406020004 0.017219752628017
20.25 2.1068341746849 0.015051946456812
20.5 2.1300321806119 0.018696952903671
20.75 2.1569481644897 0.016713132848893
21 2.1836315974096 0.019118440016516
21.25 2.2045156291131 0.014387107228385
21.5 2.2274012711668 0.020265729702781
21.75 2.2608861854384 0.016212468452351
22 2.2853724304284 0.01685481201505
22.25 2.3114789770439 0.019316703419943
22.5 2.3488062924916 0.021168296867857
22.75 2.3771618999242 0.0084689504487933
23 2.4086939093277 0.015613120423003
23.25 2.4342050437628 0.01235488566464
23.5 2.462674974415 0.010857426604097
23.75 2.4996382241895 0.019337824372869
24 2.5429072470552 0.012025196235452
24.25 2.5876437036925 0.015131792991997
24.5 2.6094165174032 0.015343931766154
24.75 2.6633576325019 0.0077647926575207
25 2.7116885596899 0.011159538654529
25.25 2.7562091732943 0.01551984709747
25.5 2.8078267597598 0.013381658630471
25.75 2.8738207458366 0.0051024231466231
26 2.9343296493154 0.0033410345006266
26.25 2.9949937122383 0.0097937735417209
26.5 3.0549137073612 0.010193408369633
26.75 3.1276095526379 0.0056301423412118
27 3.2107577287327 0.007019425066015
27.25 3.3011550396594 0.017395899945567
27.5 3.3858996988985 0.020514153734816
27.75 3.4986917585379 0.0087025752206177
28 3.5807119774635 0.0057454922204269
28.25 3.7103249972205 0.0065917043569196
28.5 3.8256668148689 0.015307884975483
28.75 3.9755773949916 0.03593333747333
29 4.0955008153011 0.052920743517645
29.25 4.227952163936 0.023903512443773
29.5 4.3769341893495 0.04630726388959
29.75 4.5411136477879 0.045855100946822
30 4.6616510071019 0.05394394332123
30.25 4.8438324581707 0.038884704587485
30.5 4.943071167991 0.030864611420133
30.75 5.0832818171585 0.04940249773536
