0  
2.58496  
4  
5.08746  
5.58496  
4.32193  
0 0.40029296452094 0.019323027285459
1 1.1051560892473 0.0031839163625282
1.58496 1.1641980789437 0.0031727418331903
2 1.2345293010048 0.0021249528391068
2.32193 1.100763883433 0.0037186245441078
2.58496 1.2941338567809 0.0016534150442117
3 1.2807077427096 0.0041351392341748
3.16993 1.231832088281 0.0048537639492727
3.45943 1.103251278413 0.0034660018254972
3.70044 1.0928558367412 0.004658341345469
4 1.3181138513249 0.0025617462739353
4.24793 1.115277474893 0.0025382145830836
4.45943 1.2225199620406 0.0011715249070991
4.70044 1.2297370449861 0.00120280902911
5 1.3303296833877 0.001010643297573
5.24793 1.2316008932297 0.0019943074818654
5.49185 1.3264505266154 0.0059427068516134
5.72792 1.1636169225894 0.0033505614013065
6 1.3626617326794 0.0015093729005121
6.24793 1.3419519349655 0.00060475421472092
6.49185 1.4269200423987 0.0014688130242104
6.74147 1.2137496058814 0.0016436817363311
7 1.3544196637512 0.00038250490853508
7.24793 1.3601229719222 0.0045733139494488
7.49985 1.310067457762 0.026848645992182
7.74819 1.2862128744235 0.009411838057566
8 1.4639378525595 0.059786612792497
8.24793 1.3981265369181 0.015490965630634
8.49985 1.3445757524815 0.0011699660635854
8.74819 1.3761125552578 0.0069681018865764
9 1.3848696987752 0.00059129765395532
9.24793 1.390432537967 0.00040955945300789
9.49985 1.4048560350954 0.0026597547310509
9.74987 1.4005843306659 0.0038114509382873
10 1.4210865896645 0.00099032439611834
10.2491 1.4233338155332 0.0010157096373532
10.4998 1.4401166492114 0.0003461903420624
10.7499 1.4552999378284 0.0013480691425306
11 1.4689799640665 0.0018203100854876
11.2497 1.481606947558 0.0010883251077955
11.4998 1.4974761710197 0.0013377184405287
11.7499 1.5128239162899 0.0015572359402101
12 1.5281112465575 0.00089997612177913
12.2497 1.5442820190946 0.00049531924063166
12.4998 1.5591513010261 0.00044783147063664
12.7499 1.5765019975461 0.0012460047931286
13 1.5936142898563 0.0015630511053874
13.2499 1.6096506853269 0.00036217965439245
13.5 1.6261307801719 0.0022122467155174
13.75 1.6432046660857 0.00027074277525528
14 1.6628607941068 0.0020629757079945
14.2499 1.6813121726415 0.0016684537042739
14.5 1.70156098528 0.005364031149886
14.75 1.7210362429759 0.0020237684486456
15 1.7389650433882 0.00045217054008477
15.25 1.7612727653338 0.00059369357017557
15.5 1.7866585209621 0.0014113920909494
15.75 1.8083992858175 0.0016126090662783
16 1.8315960909369 0.002242975609738
16.25 1.8551334672674 0.0015678310179519
16.5 1.8811442195101 0.0028759070830655
16.75 1.9063294654633 0.0023873354783365
17 1.9322828591903 0.0012656741264427
17.25 1.9605778154129 0.0024569464404675
17.5 1.9913825478262 0.002783952771186
17.75 2.0277941844442 0.0037043122999501
18 2.0602107073273 0.0021622331720891
18.25 2.0996440405406 0.00080583415073242
18.5 2.1395680703202 0.0039352340583108
18.75 2.1831957516097 0.00079540230254728
19 2.2299821380884 0.0009924529829244
19.25 2.2789080379448 0.0010395236672503
19.5 2.336299080101 0.00072947818126589
19.75 2.3930737488513 0.00067391049381152
20 2.465131519853 0.0019959871532074
20.25 2.5374255871401 0.00048684169705868
20.5 2.6151719110736 0.0032793028752091
20.75 2.7062924767876 0.0090554080198564
21 2.8028364369395 0.0047982084255084
21.25 2.9031198834184 0.00351208332514
21.5 3.0126283634268 0.0054177193838246
21.75 3.1254990958644 0.0089695517041592
22 3.2459007232981 0.0040150346751121
22.25 3.350741436237 0.0066692220926472
22.5 3.4638421864663 0.0041239301109079
22.75 3.5568101936016 0.0066745662157222
23 3.6588839645599 0.015075767642335
23.25 3.7362603840454 0.020057500608006
23.5 3.7692954031187 0.013179638373814
23.75 3.8323000895374 0.018150176722967
24 3.8975145737821 0.0075974884922961
24.25 3.9670889852295 0.009330018858232
24.5 4.0229483641572 0.019431782498442
24.75 4.0514186648052 0.0082232340786529
25 4.0936341093275 0.00099614245367985
25.25 4.1356996183414 0.018358822295685
25.5 4.147458816177 0.0094636256921928
25.75 4.1834514201326 0.0163500189226
26 4.2018699530844 0.014034165804478
26.25 4.2011362367761 0.011995834454293
26.5 4.2095761494369 0.017018016331813
26.75 4.2070638086106 0.014958283709607
27 4.2302514834696 0.021506707625077
27.25 4.2312323587975 0.022332124445391
27.5 4.2314237761487 0.019961869566891
27.75 4.2320412618866 0.022031158177723
28 4.2310407311437 0.014324000739011
