8  2.3502199 -4.2854999e-05 5.8112045e-06    0.907668 1.2350282e-05
8  2.7924813 0.0018821358 6.953792e-06  0.90763523 1.1702859e-05
8  3.1239638 0.0032855483 7.3261375e-06  0.90763809 1.2334137e-05
8  3.3906799 0.0037998193 7.6514439e-06  0.90592299 1.2272613e-05
8  3.6427011 0.004536192 7.8949555e-06  0.90459297 1.2074504e-05
8          4 0.0036525649 7.9405374e-06  0.90506489 1.3049948e-05
8  4.2089263 0.0050936424 8.1550854e-06  0.90369333 1.2590657e-05
8  4.4756424 0.0031830641 8.108123e-06  0.90192109 1.320455e-05
8  4.7141801 0.0032652663 8.4018591e-06  0.90170544 1.3763251e-05
8          5 0.0042376425 9.1702867e-06  0.90182127 1.3704698e-05
8  5.2479275 0.0035796987 8.7065559e-06  0.90055345 1.3928511e-05
8  5.4756424 0.0029662299 8.4470045e-06  0.90078895 1.3419163e-05
8  5.7209534 0.0033374955 9.0778956e-06  0.89979665 1.3948928e-05
8          6 0.0041022986 9.3397142e-06  0.89917197 1.5247951e-05
8  6.2479275 0.0037552288 9.9540373e-06   0.8984589 1.5207962e-05
8  6.4958495 0.0045979526 1.0533015e-05   0.8977321 1.5107358e-05
8  6.7380567 0.0045374888 1.0523337e-05  0.89697327 1.5308587e-05
8          7 0.0049333263 1.0527821e-05  0.89611532 1.5529706e-05
8  7.2479275 0.0052381991 1.0381773e-05  0.89532991 1.5668504e-05
8  7.4958495 0.0055840682 1.0843747e-05  0.89439926 1.6297181e-05
8  7.7448299 0.0059365671 1.1908397e-05  0.89340328 1.7569133e-05
8          8 0.0063014609 1.2067308e-05  0.89230884 1.7205959e-05
8  8.2479275 0.0066854326 1.1709425e-05   0.8911713 1.7208991e-05
8  8.4998459 0.0069973851 1.2587202e-05  0.88994444 1.8330379e-05
8  8.7490311 0.0072727019 1.3067294e-05  0.88867048 1.8151579e-05
8          9 0.0074674087 1.3437342e-05   0.8873474 1.8814871e-05
8  9.2485205 0.0076058656 1.3692598e-05  0.88602422 1.8259432e-05
8  9.4998459 0.0076776816 1.4467891e-05  0.88464752 1.8744779e-05
8  9.7490311 0.0076570822 1.4627693e-05  0.88326602 1.9548219e-05
8         10 0.0076036103 1.5631995e-05  0.88191791 2.029884e-05
8  10.248817 0.0074903016 1.5696816e-05  0.88058311 2.0006654e-05
8  10.499846 0.0073378304 1.6616785e-05  0.87926123 2.0648994e-05
8  10.749869 0.0071362513 1.7535951e-05  0.87801178 2.1735605e-05
8         11 0.0069478236 1.6794094e-05  0.87676812 2.1615105e-05
8   11.24941 0.0067393276 1.8257631e-05  0.87559858 2.2518617e-05
8  11.499846 0.0065452598 1.84353e-05   0.8744394 2.2999571e-05
8  11.749869 0.0063859097 1.8914237e-05  0.87333451 2.3446902e-05
8         12 0.0062135079 1.9094241e-05  0.87225406 2.3604578e-05
8   12.24978 0.0060784719 1.9563483e-05  0.87120553 2.5029772e-05
8  12.499908 0.00592847 1.94235e-05  0.87015895 2.4648948e-05
8  12.749922 0.0058111989 1.9882584e-05   0.8691321 2.6982275e-05
8         13 0.0057193752 2.0439153e-05  0.86812929 2.7215616e-05
8  13.249817 0.0056730606 2.0568055e-05  0.86714648 2.6267128e-05
8  13.499908 0.0056327654 2.0072109e-05  0.86619819 2.7561431e-05
8  13.749922 0.0055703816 2.0952734e-05  0.86525701 2.9145702e-05
8         14 0.0055213832 2.1259055e-05  0.86430495 2.952061e-05
8   14.24991 0.0055055219 2.020671e-05  0.86332066 2.9703156e-05
8   14.49997 0.0054800095 2.1471772e-05  0.86233051 3.1603001e-05
8  14.749974 0.0054819495 2.3152853e-05  0.86139032 3.2464866e-05
8         15 0.0055282234 2.3106973e-05  0.86045545 3.2264632e-05
8  15.249956 0.0054940196 2.3075946e-05  0.85949344 3.1490801e-05
8  15.499978 0.0055193908 2.4488391e-05  0.85857983 3.3687404e-05
8  15.749981 0.0055651177 2.535103e-05  0.85763448 3.4110609e-05
8         16 0.0056238836 2.4512002e-05  0.85661609 3.2201631e-05
8  16.249979 0.0056456337 2.4643548e-05  0.85567636 3.3301853e-05
8  16.499982 0.0057068952 2.524585e-05  0.85464739 3.3572657e-05
8  16.749984 0.0057753812 2.6109363e-05  0.85363896 3.5366414e-05
8         17 0.0057730074 2.5582486e-05  0.85261656 3.4849923e-05
8  17.249991 0.0058814256 2.6003901e-05  0.85161717 3.4134551e-05
8  17.499992 0.0058556132 2.7806148e-05  0.85060992 3.6643346e-05
8  17.749992 0.0059366995 2.9246529e-05  0.84955864 3.730485e-05
8         18 0.0059939081 2.7703293e-05  0.84853127 3.727486e-05
8  18.249996 0.0059932366 2.8646887e-05  0.84742464 4.0318833e-05
8  18.499997 0.0060868422 2.7878178e-05  0.84641487 3.9508918e-05
8  18.749996 0.0061520795 3.0163947e-05  0.84527098 4.0501422e-05
8         19 0.0061822368 3.0602308e-05  0.84414292 4.2781459e-05
8  19.249999 0.0062225278 3.1314809e-05  0.84311754 4.332156e-05
8  19.499999 0.0062901859 3.27203e-05  0.84194352 4.4004081e-05
8  19.749998 0.0063139178 3.2456661e-05  0.84075911 4.6024274e-05
8         20 0.0063899221 3.2295667e-05   0.8396447 4.5404027e-05
8      20.25 0.0064990961 3.2032755e-05  0.83842558 4.7452703e-05
8       20.5 0.0065202772 3.3980491e-05  0.83725941 4.8754539e-05
8  20.749999 0.0065365217 3.5507961e-05   0.8360083 5.0031732e-05
8         21 0.0066450826 3.5811534e-05  0.83468321 5.2617407e-05
8      21.25 0.006678956 3.4706353e-05  0.83340411 5.046699e-05
8       21.5 0.0068185975 3.4910356e-05  0.83208749 5.1611826e-05
8      21.75 0.0068508356 3.4781342e-05  0.83075269 5.6128291e-05
8         22 0.0068217469 3.224058e-05  0.82932745 5.8160558e-05
8      22.25 0.0068778454 3.0748519e-05  0.82788716 5.9592127e-05
8       22.5 0.0069426261 2.9981346e-05  0.82630166 5.9711057e-05
8      22.75 0.0069775561 2.8638637e-05  0.82477661 6.2058618e-05
8         23 0.0069386333 2.9573865e-05  0.82324919 6.2579976e-05
8      23.25 0.0069540395 3.0016453e-05  0.82158968 6.3350583e-05
8       23.5 0.0068784732 3.0893975e-05  0.81983032 6.6942774e-05
8      23.75 0.0068106963 3.3287859e-05  0.81806868 6.6675722e-05
8         24 0.0067616421 3.5891432e-05  0.81631019 7.020927e-05
8      24.25 0.0066543521 3.535521e-05  0.81437837 7.1423642e-05
8       24.5 0.006484773 3.6129132e-05  0.81242452 7.2948257e-05
8      24.75 0.0063928639 3.6197839e-05  0.81050886 7.4580232e-05
8         25 0.0062836265 3.3336076e-05  0.80852157 7.7187885e-05
8      25.25 0.0061273644 3.0596344e-05  0.80648749 7.9238343e-05
8       25.5 0.0059741232 2.7559795e-05  0.80448697 8.1805222e-05
8      25.75 0.0058539396 2.5136182e-05  0.80227856 8.4616626e-05
8         26 0.0056837617 2.4942526e-05  0.80014161 8.6700972e-05
8      26.25 0.0055850133 2.7195236e-05  0.79793969 8.5735952e-05
8       26.5 0.0055559168 2.7985178e-05  0.79574864 8.6482479e-05
8      26.75 0.0053723082 3.0604614e-05  0.79355696 9.0393262e-05
8         27 0.0052924315 3.1377147e-05  0.79149536 9.3633308e-05
8      27.25 0.0051955686 3.4624331e-05  0.78919456 9.8174656e-05
8       27.5 0.0051305833 3.4002117e-05  0.78675035 9.9789326e-05
8      27.75 0.0050707175 3.1715139e-05  0.78465379 0.00010015492
8         28 0.0050728824 2.9553493e-05  0.78234016 0.00010692548
8      28.25 0.0049979167 2.6572559e-05  0.78006796 0.00010830494
8       28.5 0.0048990611 2.4541948e-05  0.77774472 0.00010878592
8      28.75 0.0049120359 2.3085767e-05  0.77544904 0.00011284943
8         29 0.0048718523 2.5686339e-05  0.77310653 0.00011436374
8      29.25 0.0048459458 2.852451e-05  0.77082641 0.00012104898
8       29.5 0.0048269467 3.1099725e-05  0.76852227 0.00012569143
8      29.75 0.0047821504 3.7382784e-05  0.76620159 0.00012610133
8         30 0.0047765261 4.337022e-05  0.76388271 0.0001281615
