8  2.3502199 -0.00015788705 5.4235958e-06  0.90956318 1.0419428e-05
8  2.7924813 0.0017733666 6.252909e-06  0.90955538 1.0555132e-05
8  3.1239638 0.0031634109 6.9494127e-06  0.90958156 1.1437662e-05
8  3.3906799 0.0036669701 7.4192769e-06  0.90789201 1.125338e-05
8  3.6427011 0.0044052058 7.2978215e-06   0.9065853 1.1514823e-05
8          4 0.003489177 7.9967903e-06  0.90710347 1.2357773e-05
8  4.2089263 0.0049353677 7.8994869e-06  0.90575108 1.201719e-05
8  4.4756424 0.0030017181 8.5479322e-06    0.904019 1.2501432e-05
8  4.7141801 0.003086415 8.2533014e-06  0.90381804 1.2401892e-05
8          5 0.0040489609 8.9783918e-06   0.9039842 1.2522734e-05
8  5.2479275 0.0033967064 9.1045901e-06  0.90273892 1.3133473e-05
8  5.4756424 0.0027876536 9.4403741e-06  0.90302247 1.3719822e-05
8  5.7209534 0.0031433982 8.98501e-06  0.90205149 1.3495921e-05
8          6 0.0039151823 9.7598919e-06  0.90148017 1.4070502e-05
8  6.2479275 0.0035576305 9.7823107e-06  0.90078107 1.4487694e-05
8  6.4958495 0.004396695 1.0391014e-05  0.90008761 1.4321559e-05
8  6.7380567 0.0043247314 9.9684138e-06  0.89936475 1.4478645e-05
8          7 0.0047293762 1.0600438e-05   0.8985463 1.4737215e-05
8  7.2479275 0.0050105093 1.0852378e-05   0.8977975 1.4927835e-05
8  7.4958495 0.0053269332 1.0987524e-05  0.89692541 1.5493641e-05
8  7.7448299 0.0056668059 1.1497927e-05  0.89596633 1.5688497e-05
8          8 0.0060092077 1.155177e-05  0.89491087 1.6134481e-05
8  8.2479275 0.0064024031 1.1626234e-05  0.89382107 1.5784882e-05
8  8.4998459 0.0067180176 1.1639818e-05  0.89267023 1.6364618e-05
8  8.7490311 0.0069435893 1.1539058e-05  0.89145181 1.6098795e-05
8          9 0.0071295813 1.2885675e-05  0.89019826 1.6814837e-05
8  9.2485205 0.0072448681 1.2590719e-05  0.88889979 1.8273207e-05
8  9.4998459 0.007288617 1.3708758e-05  0.88757792 1.8627548e-05
8  9.7490311 0.0072534248 1.3660355e-05  0.88630232 1.844632e-05
8         10 0.0071941156 1.4357309e-05  0.88500474 1.902679e-05
8  10.248817 0.0070185157 1.4210924e-05  0.88374976 1.9097765e-05
8  10.499846 0.0068569906 1.4196736e-05  0.88254204 1.9660225e-05
8  10.749869 0.0066732532 1.5317734e-05  0.88136765 1.9831975e-05
8         11 0.0064786149 1.5620241e-05  0.88020012 2.0954083e-05
8   11.24941 0.0062587272 1.5030396e-05  0.87914072 2.1190772e-05
8  11.499846 0.0060732711 1.6352133e-05  0.87804691 2.137257e-05
8  11.749869 0.0059015352 1.5978988e-05  0.87702166 2.3097318e-05
8         12 0.0057164355 1.6816534e-05  0.87599815 2.3906554e-05
8   12.24978 0.0056000058 1.7392594e-05  0.87504373 2.378495e-05
8  12.499908 0.0054410471 1.6944299e-05  0.87409717 2.4767226e-05
8  12.749922 0.0053482719 1.7854056e-05  0.87316078 2.5512538e-05
8         13 0.0052364318 1.8611688e-05  0.87224999 2.4448805e-05
8  13.249817 0.0051631097 1.9329601e-05  0.87134996 2.633035e-05
8  13.499908 0.0050955595 1.9961084e-05   0.8704778 2.6555369e-05
8  13.749922 0.0050154342 1.9956794e-05  0.86958073 2.6450116e-05
8         14 0.0049508833 1.9655009e-05  0.86871206 2.6866017e-05
8   14.24991 0.0049114471 2.112913e-05  0.86785823 2.7513262e-05
8   14.49997 0.004879344 2.0370461e-05  0.86700489 2.7714574e-05
8  14.749974 0.0048630863 1.9997358e-05  0.86617899 2.8433659e-05
8         15 0.0048511116 2.2578755e-05  0.86535713 2.857717e-05
8  15.249956 0.0048506112 2.1310443e-05  0.86451035 3.0977618e-05
8  15.499978 0.0048359291 2.1579849e-05   0.8636819 3.0558353e-05
8  15.749981 0.0048671525 2.2528785e-05  0.86280615 2.9943876e-05
8         16 0.004915168 2.2336986e-05  0.86195296 3.1096612e-05
8  16.249979 0.0049447252 2.5027283e-05   0.8610981 3.0359561e-05
8  16.499982 0.0049596056 2.4327867e-05  0.86026386 3.1915055e-05
8  16.749984 0.0049465596 2.3613346e-05  0.85939275 3.2323123e-05
8         17 0.0049573081 2.4747888e-05  0.85850213 3.2657962e-05
8  17.249991 0.0049753594 2.4708075e-05  0.85761199 3.4850183e-05
8  17.499992 0.0050198629 2.614145e-05  0.85676079 3.4411377e-05
8  17.749992 0.005062043 2.8491273e-05  0.85590097 3.5661422e-05
8         18 0.0050213822 2.8193066e-05  0.85503039 3.6555698e-05
8  18.249996 0.0050835552 2.8106409e-05  0.85414765 3.7112707e-05
8  18.499997 0.0051208058 2.845679e-05  0.85324843 3.8708489e-05
8  18.749996 0.0051349729 2.8036751e-05  0.85231523 4.1355108e-05
8         19 0.0051158888 2.8405539e-05  0.85147832 4.24981e-05
8  19.249999 0.0051598233 2.8802114e-05  0.85049744 4.0280051e-05
8  19.499999 0.0051553415 3.0978388e-05  0.84959031 4.2028775e-05
8  19.749998 0.0051127219 3.1388204e-05  0.84870665 4.0672601e-05
8         20 0.0051727041 3.21843e-05  0.84785865 4.1653452e-05
8      20.25 0.0051004917 3.143135e-05  0.84690949 4.3558704e-05
8       20.5 0.0050719748 3.1831945e-05  0.84601153 4.5751898e-05
8  20.749999 0.0050505926 3.2946026e-05  0.84513281 4.4922931e-05
8         21 0.0050944649 3.3967438e-05    0.844206 4.6128988e-05
8      21.25 0.0050738288 3.3314802e-05   0.8433204 4.55614e-05
8       21.5 0.0050457089 3.5101129e-05  0.84244708 4.5969621e-05
8      21.75 0.0051172259 3.8442737e-05  0.84158697 4.7196724e-05
8         22 0.0050905021 3.5006998e-05  0.84066997 5.0380704e-05
8      22.25 0.005081002 3.813993e-05  0.83974187 5.0850261e-05
8       22.5 0.0051557471 3.6795218e-05  0.83887563 5.0525767e-05
8      22.75 0.0051878833 3.7006505e-05  0.83788655 5.4270311e-05
8         23 0.0052055844 3.6436081e-05  0.83698809 5.2279711e-05
8      23.25 0.0052067632 3.8224599e-05  0.83610619 5.6506609e-05
8       23.5 0.0053252728 3.8178957e-05  0.83511555 5.8642448e-05
8      23.75 0.0052274532 4.0278976e-05  0.83419834 5.8809871e-05
8         24 0.0052656824 3.8127998e-05  0.83324332 5.7377878e-05
8      24.25 0.0053104479 4.2295047e-05  0.83229991 5.9451537e-05
8       24.5 0.005278517 4.4591522e-05  0.83124894 5.9231846e-05
8      24.75 0.0053105005 4.1862061e-05  0.83038464 5.9568011e-05
8         25 0.0054145759 4.3624088e-05  0.82941463 6.3347385e-05
8      25.25 0.0054359889 4.2488342e-05  0.82845063 6.275643e-05
8       25.5 0.0053849866 4.4149492e-05  0.82748625 6.2372033e-05
8      25.75 0.0054854827 4.4837966e-05  0.82650209 6.3575805e-05
8         26 0.0056033196 4.5356307e-05  0.82537137 6.4241538e-05
8      26.25 0.0056219396 4.656759e-05  0.82437206 6.6770026e-05
8       26.5 0.0056595386 4.7633681e-05  0.82336785 7.0146661e-05
8      26.75 0.0057875721 4.7680548e-05  0.82232838 6.987118e-05
8         27 0.0057748566 4.9111987e-05  0.82115066 6.765725e-05
8      27.25 0.0058528559 4.7639754e-05  0.82012488 7.0133738e-05
8       27.5 0.0060384106 5.0836909e-05  0.81906725 7.0342081e-05
8      27.75 0.0062034326 5.2248431e-05  0.81784749 7.6248744e-05
8         28 0.0062353541 5.0894026e-05  0.81668567 7.9862214e-05
8      28.25 0.0063969593 4.9398828e-05  0.81551705 8.1331503e-05
8       28.5 0.006585131 5.0778571e-05  0.81416898 8.5307395e-05
8      28.75 0.0066794888 5.1912178e-05  0.81280644 8.8478292e-05
8         29 0.0068920757 5.2129851e-05  0.81149936 8.7330759e-05
8      29.25 0.0070703246 5.0747629e-05  0.81013677 8.511055e-05
8       29.5 0.0071343693 5.2381084e-05  0.80868319 9.293852e-05
8      29.75 0.0073175461 5.3661909e-05    0.807193 9.3200427e-05
8         30 0.0074817485 5.0913063e-05   0.8055482 9.4009955e-05
8      30.25 0.0076279212 5.0146016e-05  0.80393009 9.6605142e-05
8       30.5 0.0077387583 5.1913463e-05  0.80228446 0.00010363259
8      30.75 0.0078373579 5.2506252e-05  0.80037373 0.00010542621
8         31 0.0078205927 5.0734561e-05  0.79851761 0.00010062347
8      31.25 0.007736307 5.0293016e-05  0.79657735 0.00011252291
8       31.5 0.0076557192 4.5067634e-05  0.79453076 0.0001163098
8      31.75 0.0074320654 4.4441295e-05   0.7923807 0.00012363011
8         32 0.0071488204 3.9575681e-05  0.79018329 0.00012215232
8      32.25 0.0067549676 4.0443721e-05  0.78807656 0.00012584271
8       32.5 0.0062530933 4.4704594e-05  0.78578632 0.0001274083
