8  2.3502199 -7.849612e-05 5.1458706e-06  0.91083111 1.115737e-05
8  2.7924813 0.0018143553 6.0427081e-06  0.91081952 1.115918e-05
8  3.1239638 0.0031785457 7.1665114e-06  0.91084639 1.2038563e-05
8  3.3906799 0.003671456 7.0750722e-06  0.90914503 1.1596961e-05
8  3.6427011 0.0044050533 7.3446875e-06  0.90783395 1.1923797e-05
8          4 0.0035075292 7.8273155e-06  0.90833909 1.3214506e-05
8  4.2089263 0.0049632379 8.083011e-06  0.90697364 1.2753897e-05
8  4.4756424 0.003056467 8.3445913e-06  0.90524366 1.2931489e-05
8  4.7141801 0.0031397656 8.2758929e-06  0.90503335 1.3333587e-05
8          5 0.0041264123 9.0956579e-06   0.9051948 1.2938787e-05
8  5.2479275 0.0034805405 9.2153456e-06  0.90391471 1.3700328e-05
8  5.4756424 0.0028945968 8.8693217e-06  0.90416985 1.4406376e-05
8  5.7209534 0.0032630086 8.7112546e-06  0.90319823 1.4091486e-05
8          6 0.0040430646 1.0116347e-05  0.90257393 1.5535097e-05
8  6.2479275 0.0037037007 9.4148051e-06  0.90185777 1.5325706e-05
8  6.4958495 0.0045615149 1.0366189e-05  0.90114035 1.5386009e-05
8  6.7380567 0.0045086103 1.0610019e-05  0.90038816 1.6163677e-05
8          7 0.0049084172 1.0215501e-05  0.89955213 1.6353505e-05
8  7.2479275 0.0052025216 1.0420631e-05  0.89874776 1.6276699e-05
8  7.4958495 0.0055505665 1.085264e-05  0.89781489 1.6335787e-05
8  7.7448299 0.0058944542 1.1849848e-05  0.89683138 1.6621621e-05
8          8 0.0062876658 1.2445457e-05  0.89573269 1.6556612e-05
8  8.2479275 0.0066951271 1.2598937e-05  0.89460965 1.6238611e-05
8  8.4998459 0.0070138727 1.2260161e-05  0.89339234 1.72018e-05
8  8.7490311 0.0073083014 1.2993553e-05  0.89214111 1.8520312e-05
8          9 0.0074973442 1.2874709e-05  0.89080512 1.7943924e-05
8  9.2485205 0.0076666208 1.3578113e-05  0.88943577 1.9001591e-05
8  9.4998459 0.0077372754 1.3411171e-05  0.88805379 1.9339252e-05
8  9.7490311 0.0077636464 1.4976429e-05   0.8866653 1.9187316e-05
8         10 0.0077024961 1.4639997e-05  0.88532771 2.076519e-05
8  10.248817 0.007575991 1.4564131e-05   0.8839718 2.1095971e-05
8  10.499846 0.0074265302 1.4936576e-05  0.88266796 2.1163175e-05
8  10.749869 0.0072504679 1.5625123e-05  0.88138221 2.1772627e-05
8         11 0.007104768 1.5870315e-05  0.88014182 2.2110163e-05
8   11.24941 0.0069226344 1.6482331e-05  0.87894872 2.3230539e-05
8  11.499846 0.0067842205 1.6317195e-05  0.87778327 2.3422406e-05
8  11.749869 0.0066249514 1.6648138e-05  0.87663789 2.3769207e-05
8         12 0.0064801127 1.7514235e-05   0.8755097 2.3247868e-05
8   12.24978 0.0063995172 1.8468339e-05   0.8744031 2.5517971e-05
8  12.499908 0.0063006006 1.7932214e-05  0.87329631 2.5764828e-05
8  12.749922 0.0062112423 1.7869188e-05  0.87223087 2.5937694e-05
8         13 0.0061679513 1.9077002e-05  0.87118991 2.6760372e-05
8  13.249817 0.0061043619 1.9867792e-05  0.87010416 2.707098e-05
8  13.499908 0.0060731988 1.9551655e-05  0.86907382 2.7962311e-05
8  13.749922 0.0060946144 2.0368962e-05  0.86804757 2.8115835e-05
8         14 0.0060923189 2.0554442e-05  0.86697351 2.9400889e-05
8   14.24991 0.0061072673 2.1352434e-05  0.86594716 3.1536907e-05
8   14.49997 0.0061453267 2.1961954e-05  0.86487476 3.0793824e-05
8  14.749974 0.0062057901 2.0986295e-05  0.86376867 3.2291884e-05
8         15 0.0062296631 2.2828839e-05   0.8627187 3.1785614e-05
8  15.249956 0.006304935 2.3200883e-05  0.86159621 3.2598193e-05
8  15.499978 0.0063831191 2.3896618e-05  0.86049592 3.3117869e-05
8  15.749981 0.0064497463 2.5338675e-05  0.85936518 3.3223585e-05
8         16 0.0065811259 2.3791373e-05  0.85823462 3.4656439e-05
8  16.249979 0.0066694477 2.4734289e-05  0.85707585 3.5467491e-05
8  16.499982 0.0068270828 2.5190903e-05  0.85586219 3.6597824e-05
8  16.749984 0.0069497642 2.5159524e-05  0.85462556 3.7185139e-05
8         17 0.0071619715 2.5354659e-05    0.853348 3.731572e-05
8  17.249991 0.0073711469 2.6216295e-05  0.85205138 3.8100665e-05
8  17.499992 0.0075630278 2.673468e-05  0.85066924 4.0940199e-05
8  17.749992 0.0077376833 2.7857706e-05  0.84929825 4.1820362e-05
8         18 0.007976028 2.6957612e-05  0.84778354 4.2362146e-05
8  18.249996 0.0082181361 2.7203352e-05  0.84623023 4.25335e-05
8  18.499997 0.0084945773 2.7611931e-05  0.84463006 4.5141784e-05
8  18.749996 0.0088242609 2.8250763e-05  0.84301583 4.7890344e-05
8         19 0.0091438612 2.8963584e-05  0.84123745 4.8665116e-05
8  19.249999 0.0095113481 2.7299848e-05  0.83940811 5.1078291e-05
8  19.499999 0.009923815 2.8331626e-05  0.83739841 5.2729837e-05
8  19.749998 0.010314936 2.8672787e-05  0.83527597 5.466475e-05
8         20 0.01074027 2.6781289e-05  0.83296121 5.9614482e-05
8      20.25 0.011228463 2.7019463e-05  0.83046182 6.2741587e-05
8       20.5  0.0116595 2.7268353e-05  0.82775638 6.6926225e-05
8  20.749999 0.012129946 2.618204e-05   0.8249974 6.8491744e-05
8         21 0.012560652 2.6783024e-05  0.82187501 7.0365888e-05
8      21.25 0.012981454 2.4990744e-05   0.8184444 7.4176053e-05
8       21.5 0.013403516 2.4456476e-05   0.8147707 8.003141e-05
8      21.75 0.013883981 2.4214212e-05  0.81071111 8.613085e-05
8         22 0.014276495 2.3213747e-05   0.8063233 9.2977132e-05
8      22.25 0.014627729 2.4276916e-05  0.80153787 9.712024e-05
8       22.5 0.014986049 2.4544741e-05  0.79628723 0.00010334527
8      22.75 0.015248466 2.4793116e-05  0.79063128 0.00011243129
8         23  0.0155147 2.5077537e-05   0.7845429 0.00011701165
8      23.25 0.015683994 2.3706308e-05  0.77799909 0.00012161277
8       23.5 0.015776878 2.1856695e-05  0.77095925 0.00012894362
8      23.75 0.015760895 2.0393766e-05  0.76358945 0.00013268006
8         24 0.015669864 1.9592086e-05  0.75563099 0.00013757885
8      24.25 0.015461428 1.9182687e-05  0.74738017 0.00014559441
8       24.5 0.015159544 2.0124295e-05   0.7386705 0.00015644424
8      24.75 0.014793367 1.9400265e-05  0.72976386 0.00015786231
8         25 0.014294749 2.0208751e-05  0.72047889 0.00016229313
8      25.25 0.013752321 2.0093702e-05  0.71102384 0.0001653219
8       25.5 0.013161557 2.0331053e-05  0.70126164 0.00017768613
8      25.75 0.012586086 1.9320818e-05  0.69135393 0.00018146275
8         26 0.01197421 1.8524772e-05  0.68140344 0.00018528541
8      26.25 0.011391042 1.8339493e-05  0.67145958 0.00019006451
8       26.5 0.01084432 1.750445e-05  0.66139524 0.00019095012
8      26.75 0.010332103 1.5725055e-05  0.65128004 0.00019538726
8         27 0.0098541249 1.4918857e-05  0.64132184 0.00019840885
8      27.25 0.009454656 1.4276633e-05   0.6314276 0.00019910854
8       27.5 0.009067833 1.355737e-05   0.6213703 0.00020696658
8      27.75 0.0087362338 1.4335824e-05  0.61145005 0.00020761065
8         28 0.0084515683 1.4570215e-05  0.60182281 0.00021282679
8      28.25 0.0082121383 1.4660479e-05  0.59211439 0.00022212793
8       28.5 0.0079699906 1.5206934e-05    0.582731 0.00022393786
8      28.75 0.0077656903 1.5933855e-05   0.5733215 0.00022317354
8         29 0.0076101193 1.7081107e-05  0.56415321 0.00022869458
