8  2.3502199 0.0017537957 5.5302351e-06  0.89800913 1.3471872e-05
8  2.7924813 0.0034324326 7.0686745e-06  0.89733957 1.3617807e-05
8  3.1239638 0.0047971169 7.1125903e-06  0.89682578 1.4565733e-05
8  3.3906799 0.005307909 7.5993599e-06  0.89471617 1.4693761e-05
8  3.6427011 0.0060911355 7.9247104e-06  0.89298826 1.5153615e-05
8          4 0.0057417686 8.5460315e-06   0.8926535 1.6875916e-05
8  4.2089263 0.0070506656 8.3974236e-06  0.89085098 1.6363372e-05
8  4.4756424 0.005848029 8.6326031e-06  0.88850291 1.735226e-05
8  4.7141801 0.0061611894 9.0603262e-06  0.88756607 1.7318045e-05
8          5 0.0073152952 9.3499171e-06  0.88672419 1.851497e-05
8  5.2479275 0.0071921331 9.2890866e-06  0.88462737 1.907825e-05
8  5.4756424 0.0071310547 9.3931947e-06  0.88388117 1.9007133e-05
8  5.7209534 0.0078388741 9.0328689e-06   0.8818954 2.0703043e-05
8          6 0.0089932421 1.0113779e-05    0.879875 2.0814196e-05
8  6.2479275 0.0092286407 1.1354348e-05  0.87774849 2.1955266e-05
8  6.4958495 0.010492349 1.1128075e-05  0.87546058 2.3627939e-05
8  6.7380567 0.011163849 1.0420955e-05  0.87302817 2.4056395e-05
8          7 0.012231085 1.0573726e-05   0.8700614 2.559714e-05
8  7.2479275 0.013212914 1.0876602e-05  0.86720737 2.9998246e-05
8  7.4958495 0.014262401 1.1504142e-05  0.86367301 3.0896221e-05
8  7.7448299  0.0153695 1.1550511e-05  0.85976938 3.0068658e-05
8          8 0.016451533 1.2024108e-05  0.85530426 3.2679658e-05
8  8.2479275 0.017595102 1.2691492e-05  0.85050871 3.4509087e-05
8  8.4998459 0.018508257 1.2688685e-05  0.84512544 3.5862328e-05
8  8.7490311 0.01932688 1.1949374e-05  0.83921749 3.8271269e-05
8          9 0.019999327 1.1820983e-05  0.83276212 4.0290566e-05
8  9.2485205 0.02051223 1.1770572e-05  0.82581702 4.3010605e-05
8  9.4998459 0.020848212 1.1855322e-05  0.81824296 4.4164953e-05
8  9.7490311 0.020957865 1.2182383e-05  0.81015603 4.6264612e-05
8         10 0.02089451 1.1565406e-05  0.80148612 4.7322488e-05
8  10.248817 0.02065778 1.0975364e-05  0.79236607 5.0739319e-05
8  10.499846 0.020244538 1.0414378e-05   0.7826804 5.3693676e-05
8  10.749869 0.019689742 9.7279054e-06  0.77262922 5.6384815e-05
8         11 0.019011045 9.2920508e-06  0.76218924 5.8407742e-05
8   11.24941 0.018247485 9.1315809e-06   0.7513989 6.0454011e-05
8  11.499846 0.017415323 8.6888282e-06  0.74033376 6.4449243e-05
8  11.749869 0.016565448 8.9214715e-06   0.7289981 6.7601019e-05
8         12 0.015698194 9.0054678e-06  0.71753467 7.1108262e-05
8   12.24978 0.01483879 8.4970699e-06  0.70593356 7.3205666e-05
8  12.499908 0.014026216 7.9097003e-06  0.69428496 7.4098023e-05
8  12.749922 0.013247934 8.0242232e-06  0.68260632 7.5827325e-05
8         13 0.012528391 8.0184804e-06  0.67104496 7.9500353e-05
8  13.249817 0.011861311 7.5845545e-06  0.65956937 8.1897246e-05
8  13.499908 0.011266652 7.3011532e-06   0.6481585 8.3663513e-05
8  13.749922 0.010727891 7.3450508e-06  0.63688202 8.3521346e-05
8         14 0.010245578 7.1756503e-06  0.62578942 8.4977655e-05
8   14.24991 0.0098227964 6.7865268e-06  0.61487563 8.5629765e-05
8   14.49997 0.0094424171 6.4698669e-06  0.60405771 8.802316e-05
8  14.749974 0.0091058752 6.1710744e-06  0.59342112 9.0332898e-05
8         15 0.0088056155 6.1983918e-06  0.58307456 9.2344434e-05
8  15.249956 0.0085425943 6.4381381e-06  0.57284111 9.4398683e-05
8  15.499978 0.0083053091 6.6034571e-06  0.56279044 9.5682813e-05
8  15.749981 0.008078523 6.6380503e-06  0.55289865 9.544633e-05
8         16 0.0078890595 6.8235987e-06  0.54322265 9.7965605e-05
8  16.249979 0.0077043977 6.5946145e-06  0.53366779 0.0001002567
8  16.499982 0.0075336744 6.666846e-06  0.52420805 9.8479773e-05
8  16.749984 0.0073756619 6.6473189e-06  0.51503019 0.00010276983
8         17 0.0072285973 6.5023183e-06  0.50594039 0.00010397972
8  17.249991 0.0070753209 6.8103433e-06  0.49703507 0.00010222754
8  17.499992 0.0069283524 6.7013693e-06   0.4882713 0.00010494529
8  17.749992 0.0067956881 6.7255354e-06  0.47960858 0.00010682877
8         18 0.0066652579 6.8311525e-06  0.47110444 0.00010922607
8  18.249996 0.0065325037 6.9834534e-06  0.46281787 0.00010719783
8  18.499997 0.0064075914 6.6893223e-06  0.45458563 0.0001088731
8  18.749996 0.00627792 6.5948016e-06  0.44650764 0.00010963193
8         19 0.006153184 7.0290757e-06  0.43850087 0.00010950273
8  19.249999 0.0060389007 7.034003e-06  0.43070571 0.00011279257
8  19.499999 0.00591553 6.8249183e-06  0.42297138 0.00011399901
8  19.749998 0.0057973663 6.5253686e-06  0.41538442 0.00011256887
8         20 0.0056727598 6.6811459e-06  0.40790345 0.00011561639
8      20.25 0.0055551536 6.9390466e-06   0.4005311 0.00011987873
8       20.5 0.0054332936 6.705698e-06  0.39330521 0.00012157758
8  20.749999 0.0053074746 6.7291214e-06  0.38618071 0.00011884493
8         21 0.0051948201 6.547656e-06   0.3791975 0.00011880547
8      21.25 0.0050768186 7.0502086e-06  0.37236082 0.00011803162
8       21.5 0.004958361 6.8598601e-06  0.36563735 0.00011989082
8      21.75 0.0048457415 6.6891085e-06  0.35911741 0.00011940219
8         22 0.0047423007 6.9201164e-06  0.35257599 0.00011912919
8      22.25 0.0046427711 7.048315e-06  0.34621864 0.00012128689
8       22.5 0.0045524885 6.9048904e-06   0.3400346 0.00011892033
8      22.75 0.0044657439 7.0898981e-06  0.33391102 0.00012076751
8         23 0.0043698984 6.9232291e-06  0.32785434 0.00012060907
8      23.25 0.0042884055 7.239297e-06  0.32192906 0.00012223395
8       23.5 0.0042137403 6.6264685e-06  0.31604388 0.00012459764
8      23.75 0.0041464654 6.8713255e-06  0.31035468 0.00012371924
8         24 0.004069863 6.7609409e-06   0.3047724 0.00012392827
8      24.25 0.0040026168 6.7189235e-06  0.29924926 0.00012614311
8       24.5 0.0039321797 6.8170656e-06  0.29385675 0.00012535961
8      24.75 0.0038819266 6.5954372e-06  0.28847591 0.00012797694
8         25 0.0038291173 6.7064422e-06  0.28329585 0.00012697797
8      25.25 0.0037749283 6.4959278e-06  0.27817694 0.00012512809
8       25.5 0.0037259321 6.3434348e-06  0.27316458 0.00013084789
8      25.75 0.003677467 6.300183e-06  0.26816004 0.00012864712
8         26 0.003640499 6.4395253e-06  0.26331912 0.0001282751
8      26.25 0.0036101971 7.1345895e-06  0.25858122 0.00012592842
8       26.5 0.0035824535 8.0586039e-06  0.25394432 0.00012926432
8      26.75 0.003540182 8.5020624e-06  0.24934259 0.00012612213
8         27 0.0035082654 9.3961136e-06  0.24484121 0.00012591366
