8  2.3502199 0.0020813463 6.5376933e-06  0.89938627 1.3404875e-05
8  2.7924813 0.0040303808 8.223608e-06  0.89936506 1.286374e-05
8  3.1239638 0.0056787501 8.2657112e-06  0.89934386 1.320797e-05
8  3.3906799 0.0063621532 9.1133865e-06  0.89829823 1.3159227e-05
8  3.6427011 0.007317636 9.455114e-06  0.89797258 1.3567486e-05
8          4 0.006972073 1.0278459e-05  0.89831236 1.4142969e-05
8  4.2089263 0.0086078557 1.013568e-05  0.89831236 1.4142969e-05
8  4.4756424 0.0072431507 1.1088408e-05  0.89636678 1.4994215e-05
8  4.7141801 0.007727429 1.1829793e-05  0.89639564 1.4922416e-05
8          5 0.0092428635 1.2439088e-05  0.89699596 1.4802801e-05
8  5.2479275 0.009235258 1.3044875e-05  0.89699596 1.4802801e-05
8  5.4756424 0.0093035671 1.3462367e-05  0.89420485 1.5189246e-05
8  5.7209534 0.010361731 1.3176698e-05  0.89400615 1.542731e-05
8          6 0.01205977 1.5240795e-05  0.89266758 1.5732586e-05
8  6.2479275 0.012610424 1.8033138e-05  0.89266758 1.5732586e-05
8  6.4958495  0.0145762 1.8588003e-05   0.8926535 1.6875916e-05
8  6.7380567 0.015859539 1.7781623e-05   0.8926535 1.6875916e-05
8          7 0.017800674 1.9125629e-05  0.89051449 1.6829571e-05
8  7.2479275 0.019741278 2.0228071e-05  0.89051449 1.6829571e-05
8  7.4958495 0.021935057 2.2037949e-05  0.88859843 1.751388e-05
8  7.7448299 0.024402705 2.3575164e-05  0.88856754 1.7572898e-05
8          8 0.027071312 2.5246917e-05  0.88760654 1.7426789e-05
8  8.2479275 0.030046797 2.6732446e-05  0.88760654 1.7426789e-05
8  8.4998459 0.032977979 2.7360763e-05  0.88672419 1.851497e-05
8  8.7490311 0.036043633 2.8489345e-05  0.88671721 1.8504183e-05
8          9 0.039192778 2.8769419e-05  0.88462737 1.907825e-05
8  9.2485205 0.042376544 3.0992379e-05  0.88462549 1.9069927e-05
8  9.4998459 0.045595771 3.3168957e-05  0.88382805 1.9248327e-05
8  9.7490311 0.048675644 3.5795894e-05  0.88382805 1.9248327e-05
8         10 0.051712186 3.697796e-05  0.88183662 2.0853235e-05
8  10.248817 0.054620727 3.8278903e-05  0.88183662 2.0853235e-05
8  10.499846 0.057350194 3.9572069e-05    0.879875 2.0814196e-05
8  10.749869 0.05988685 4.1133902e-05    0.879875 2.0814196e-05
8         11 0.062160984 4.314711e-05  0.87774849 2.1955266e-05
8   11.24941 0.06418963 4.4531232e-05  0.87774849 2.1955266e-05
8  11.499846 0.065927801 4.3910699e-05  0.87550072 2.368153e-05
8  11.749869 0.067425505 4.6011926e-05  0.87550072 2.368153e-05
8         12 0.068581172 4.7286157e-05  0.87299392 2.4113133e-05
8   12.24978 0.069428554 4.773785e-05  0.87299305 2.4112383e-05
8  12.499908 0.070077628 4.90183e-05   0.8700614 2.559714e-05
8  12.749922 0.070439442 4.9222266e-05   0.8700608 2.5596694e-05
8         13 0.070590576 5.2454106e-05  0.86720737 2.9998246e-05
8  13.249817 0.070515671 5.1338185e-05  0.86720737 2.9998246e-05
8  13.499908 0.070358706 5.5025544e-05  0.86361693 3.0971392e-05
8  13.749922 0.070052322 5.7669669e-05  0.86361604 3.0972605e-05
8         14 0.069620139 6.1766726e-05  0.85971657 3.0114564e-05
8   14.24991 0.069170906 6.4080925e-05  0.85971657 3.0114564e-05
8   14.49997 0.068642486 6.4577654e-05  0.85530426 3.2679658e-05
8  14.749974 0.068096823 6.5200695e-05  0.85530426 3.2679658e-05
8         15 0.067526393 6.9098932e-05  0.85050871 3.4509087e-05
8  15.249956  0.0669996 7.2558115e-05  0.85050871 3.4509087e-05
8  15.499978 0.066480669 7.5871419e-05  0.84512544 3.5862328e-05
8  15.749981 0.065868324 7.8867146e-05  0.84512529 3.5862283e-05
8         16 0.065420243 8.1708074e-05  0.83923905 3.8280641e-05
8  16.249979 0.064905896 8.0332125e-05  0.83923905 3.8280641e-05
8  16.499982 0.064422032 8.4481509e-05  0.83276222 4.0290463e-05
8  16.749984 0.06398241 8.7744103e-05  0.83276212 4.0290566e-05
8         17 0.063583532 9.0562476e-05  0.82583489 4.3018175e-05
8  17.249991 0.063088378 9.1079243e-05  0.82583489 4.3018175e-05
8  17.499992 0.062625041 9.0688658e-05  0.81824302 4.4164911e-05
8  17.749992 0.062261373 9.1682431e-05  0.81824296 4.4164953e-05
8         18 0.061908228 9.1739032e-05  0.81012882 4.6286966e-05
8  18.249996 0.061514302 9.5027123e-05  0.81012882 4.6286966e-05
8  18.499997 0.061187132 9.2435477e-05  0.80148615 4.7322465e-05
8  18.749996 0.06080548 9.1738633e-05  0.80148612 4.7322488e-05
8         19 0.060461295 9.2334812e-05  0.79235519 5.074946e-05
8  19.249999 0.060206721 9.642548e-05  0.79235519 5.074946e-05
8  19.499999 0.059852866 9.4758763e-05  0.78268044 5.3693646e-05
8  19.749998 0.059536954 8.9297703e-05   0.7826804 5.3693676e-05
8         20 0.059138894 9.0488954e-05  0.77262922 5.6384815e-05
8      20.25 0.058785739 8.8549766e-05  0.77262922 5.6384815e-05
8       20.5 0.058366764 8.7829118e-05  0.76218924 5.8407742e-05
8  20.749999 0.05786822 9.0401757e-05  0.76218924 5.8407742e-05
8         21 0.057489904 9.227542e-05  0.75138608 6.0462034e-05
8      21.25 0.057013038 9.7850681e-05  0.75138608 6.0462034e-05
8       21.5 0.056484958 9.9520366e-05  0.74033376 6.4449243e-05
8      21.75 0.055983601 0.00010403045  0.74033376 6.4449243e-05
8         22 0.05554396 0.00010943856   0.7289981 6.7601019e-05
8      22.25 0.055100045 0.00011774694   0.7289981 6.7601019e-05
8       22.5 0.054721205 0.00012157408  0.71753467 7.110826e-05
8      22.75 0.054325596 0.00012388509  0.71753467 7.1108262e-05
8         23 0.053773489 0.00012556311    0.705937 7.3206925e-05
8      23.25 0.053341428 0.00012985682    0.705937 7.3206925e-05
8       23.5 0.052936088 0.0001257714  0.69428787 7.4099005e-05
8      23.75 0.052575531 0.00013198194  0.69428787 7.4099006e-05
8         24 0.052039065 0.00013336404  0.68260874 7.5827787e-05
8      24.25 0.051566053 0.00013108714  0.68260874 7.5827787e-05
8       24.5 0.050997743 0.00013390056  0.67104496 7.9500353e-05
8      24.75 0.050635044 0.00013716894  0.67104496 7.9500353e-05
8         25 0.050184217 0.00014038671  0.65956767 8.1898407e-05
8      25.25 0.049663559 0.00014045231  0.65956767 8.1898407e-05
8       25.5 0.049159124 0.00014319908  0.64815566 8.3665207e-05
8      25.75 0.048613405 0.00013480709  0.64815566 8.3665207e-05
8         26 0.048170145 0.00013264167  0.63687966 8.3522371e-05
8      26.25 0.047768996 0.00013633263  0.63687966 8.3522371e-05
8       26.5 0.047357327 0.00013691586  0.62578942 8.4977655e-05
8      26.75 0.046713045 0.00013059906  0.62578942 8.4977655e-05
8         27 0.046166838 0.00012880521  0.61487482 8.5630172e-05
