8  2.3502199 0.0004621838 5.5694034e-06  0.90761086 1.22335e-05
8  2.7924813 0.002320458 7.225945e-06  0.90772749 1.1724951e-05
8  3.1239638 0.0037375371 7.3517525e-06  0.90784413 1.2055424e-05
8  3.3906799 0.0042629257 7.6164354e-06  0.90703875 1.2011841e-05
8  3.6427011 0.0050235541 8.4053034e-06  0.90678792 1.2363948e-05
8          4 0.0042093451 8.5015738e-06  0.90745772 1.2909486e-05
8  4.2089263 0.0056565807 8.5772549e-06  0.90745772 1.2909486e-05
8  4.4756424 0.0037961021 9.1280735e-06  0.90591084 1.2996826e-05
8  4.7141801 0.0039020463 8.8154153e-06  0.90595345 1.2935784e-05
8          5 0.0049317199 9.5591466e-06  0.90683968 1.307085e-05
8  5.2479275 0.0043650842 9.9971521e-06  0.90683968 1.307085e-05
8  5.4756424 0.003820703 1.0110313e-05  0.90433488 1.3426762e-05
8  5.7209534 0.004205592 1.0325881e-05  0.90415657 1.3663714e-05
8          6 0.0050511922 1.0653709e-05  0.90315858 1.3500916e-05
8  6.2479275 0.0047835463 1.1418335e-05  0.90315858 1.3500916e-05
8  6.4958495 0.0057091212 1.118297e-05  0.90373614 1.4160809e-05
8  6.7380567 0.0057710325 1.1742704e-05  0.90373614 1.4160809e-05
8          7 0.0062781767 1.1658986e-05  0.90203536 1.440677e-05
8  7.2479275 0.0066884532 1.1991441e-05  0.90203536 1.440677e-05
8  7.4958495 0.0071742555 1.2696306e-05  0.90051327 1.4653658e-05
8  7.7448299 0.0077128605 1.3781909e-05  0.90048873 1.471288e-05
8          8 0.0082427104 1.356114e-05  0.90011099 1.5149513e-05
8  8.2479275 0.0088522096 1.4645293e-05  0.90011099 1.5149513e-05
8  8.4998459 0.0093714016 1.4490821e-05  0.90009126 1.5068292e-05
8  8.7490311 0.0098635843 1.4836538e-05  0.90008668 1.505703e-05
8          9 0.010321437 1.501286e-05   0.8987144 1.5229352e-05
8  9.2485205 0.010697119 1.6186749e-05  0.89871466 1.5222152e-05
8  9.4998459 0.01105593 1.6687119e-05  0.89882392 1.6011232e-05
8  9.7490311 0.011341417 1.7331729e-05  0.89882392 1.6011232e-05
8         10 0.011624279 1.750418e-05  0.89769093 1.5565032e-05
8  10.248817 0.011877363 1.9118733e-05  0.89769093 1.5565032e-05
8  10.499846 0.012159145 1.9016619e-05  0.89691942 1.6773207e-05
8  10.749869 0.012472338 2.0099968e-05  0.89691942 1.6773207e-05
8         11 0.01282447 2.1218036e-05  0.89600256 1.6700362e-05
8   11.24941 0.013290894 2.111673e-05  0.89600256 1.6700362e-05
8  11.499846 0.013824829 2.3311682e-05  0.89512329 1.7365546e-05
8  11.749869 0.014488446 2.3037102e-05  0.89512329 1.7365546e-05
8         12 0.015278274 2.4095412e-05  0.89418041 1.746276e-05
8   12.24978 0.016190003 2.5946487e-05  0.89418009 1.7461631e-05
8  12.499908 0.017278672 2.7784008e-05  0.89311179 1.758192e-05
8  12.749922 0.018504869 2.9470082e-05  0.89311158 1.7581041e-05
8         13 0.019955332 3.1998012e-05  0.89210551 1.7851834e-05
8  13.249817 0.021542574 3.3526054e-05  0.89210551 1.7851834e-05
8  13.499908 0.023349495 3.5875932e-05  0.89090547 1.7675395e-05
8  13.749922 0.025325443 3.787982e-05  0.89090517 1.7676329e-05
8         14 0.027502538 3.9468006e-05  0.88963832 1.9047083e-05
8   14.24991 0.029870008 4.0801241e-05  0.88963832 1.9047083e-05
8   14.49997 0.032402467 4.2086857e-05  0.88824804 1.9229551e-05
8  14.749974 0.035053555 4.3499109e-05  0.88824804 1.9229551e-05
8         15 0.037746283 4.8145467e-05  0.88676565 1.8841416e-05
8  15.249956 0.040540022 5.2312489e-05  0.88676565 1.8841416e-05
8  15.499978 0.043305224 5.6007953e-05   0.8851772 1.9672797e-05
8  15.749981 0.046064731 6.0296092e-05  0.88517716 1.9672691e-05
8         16 0.048768096 6.587015e-05   0.8834959 2.088199e-05
8  16.249979 0.051272279 6.8925544e-05   0.8834959 2.088199e-05
8  16.499982 0.053736915 6.9054738e-05   0.8817334 1.9854903e-05
8  16.749984 0.056033644 7.1046552e-05  0.88173337 1.9854976e-05
8         17 0.058117698 7.315708e-05  0.87988773 2.1626207e-05
8  17.249991 0.060009108 7.4897294e-05  0.87988773 2.1626207e-05
8  17.499992 0.061734965 7.3666528e-05   0.8779732 2.1729516e-05
8  17.749992 0.063315737 7.4681445e-05  0.87797319 2.1729558e-05
8         18 0.064656755 7.7940264e-05  0.87601841 2.2373272e-05
8  18.249996 0.065879846 7.8555268e-05  0.87601841 2.2373272e-05
8  18.499997 0.066790725 8.1150539e-05  0.87401087 2.3227039e-05
8  18.749996 0.06755137 8.1806109e-05  0.87401086 2.3227063e-05
8         19 0.068202588 8.6726542e-05  0.87200482 2.4448086e-05
8  19.249999 0.068661325 8.5451558e-05  0.87200482 2.4448086e-05
8  19.499999 0.069109215 8.9633489e-05  0.86993398 2.556412e-05
8  19.749998 0.069394606 9.2436667e-05  0.86993397 2.5564146e-05
8         20 0.069571729 9.7812977e-05  0.86784995 2.5994486e-05
8      20.25 0.06964115 9.8229089e-05  0.86784995 2.5994486e-05
8       20.5 0.069631817 0.00010381436    0.865715 2.6554099e-05
8  20.749999 0.06959077 0.00010772711    0.865715 2.6554099e-05
8         21 0.069584722 0.00011419752  0.86351085 2.8687079e-05
8      21.25 0.069577261 0.00012057268  0.86351085 2.8687079e-05
8       21.5 0.06930319 0.00012303743  0.86122791 3.0642929e-05
8      21.75 0.069110981 0.00013043966  0.86122791 3.0642929e-05
8         22 0.068940569 0.00013562554  0.85884754 3.0518693e-05
8      22.25 0.068719102 0.00013674235  0.85884754 3.0518693e-05
8       22.5 0.068592617 0.00014090198  0.85636153 3.2834107e-05
8      22.75 0.068435281 0.00014484251  0.85636153 3.2834109e-05
8         23 0.068279761 0.00014686477  0.85371518 3.391856e-05
8      23.25 0.067985237 0.00014708021  0.85371518 3.391856e-05
8       23.5 0.067798338 0.00015471479  0.85092312 3.5311636e-05
8      23.75 0.067647704 0.00015620202  0.85092312 3.5311637e-05
8         24 0.067387202 0.00015630008   0.8479355 3.5921627e-05
8      24.25 0.067155569 0.0001585609   0.8479355 3.5921627e-05
8       24.5 0.066860998 0.00016080356  0.84472525 3.6715481e-05
8      24.75 0.066516548 0.00016187222  0.84472525 3.6715481e-05
8         25 0.066084337 0.00015892013  0.84127891 4.0851111e-05
8      25.25 0.065866479 0.00016210328  0.84127891 4.0851111e-05
8       25.5 0.06570478 0.0001637514  0.83751559 4.3628924e-05
8      25.75 0.065427512 0.00016745397  0.83751559 4.3628924e-05
8         26 0.065300437 0.00017663887  0.83346966 4.7230645e-05
8      26.25 0.065004375 0.00018525943  0.83346966 4.7230645e-05
8       26.5 0.064827194 0.00019442998  0.82901653 5.0797807e-05
8      26.75 0.064631575 0.00020159632  0.82901653 5.0797807e-05
8         27 0.064575158 0.00020369834  0.82421693 5.3523507e-05
