8  2.3502199 -0.00024594329 4.9411634e-06  0.91222697 1.1501024e-05
8  2.7924813 0.0016527807 6.2687062e-06  0.91226411 1.1119399e-05
8  3.1239638 0.0029781022 6.8404289e-06  0.91233149 1.1860098e-05
8  3.3906799 0.0034863312 7.8187174e-06  0.91065142 1.1330045e-05
8  3.6427011 0.0042039327 8.1647757e-06  0.90936525 1.1527874e-05
8          4 0.0032981875 8.0034733e-06   0.9099127 1.2916705e-05
8  4.2089263 0.0047420365 8.428398e-06  0.90859025 1.2226236e-05
8  4.4756424 0.0028155616 8.1100799e-06   0.9068649 1.3145757e-05
8  4.7141801 0.002900809 8.4176646e-06   0.9067016 1.3012129e-05
8          5 0.0038625512 8.9612125e-06  0.90690271 1.3263053e-05
8  5.2479275 0.0032336586 8.4494927e-06  0.90566282 1.3301914e-05
8  5.4756424 0.002627401 8.602763e-06  0.90597783 1.3311931e-05
8  5.7209534 0.0029787761 8.8042465e-06   0.9050321 1.3475473e-05
8          6 0.0037409656 9.4224226e-06  0.90446123 1.4355099e-05
8  6.2479275 0.0033921017 1.0342892e-05  0.90378027 1.4416983e-05
8  6.4958495 0.0042304797 1.0952914e-05  0.90309907 1.5096162e-05
8  6.7380567 0.0041496181 1.106337e-05  0.90241318 1.5139945e-05
8          7 0.0045336815 1.1644449e-05  0.90162568 1.5409629e-05
8  7.2479275 0.004784809 1.1380064e-05  0.90087903 1.6036706e-05
8  7.4958495 0.0051136213 1.1776121e-05  0.90002458 1.6222716e-05
8  7.7448299 0.0054309541 1.2543212e-05   0.8991058 1.6863408e-05
8          8 0.0057706199 1.2696823e-05  0.89807145 1.6748473e-05
8  8.2479275 0.0061232015 1.2896596e-05  0.89703858 1.6738114e-05
8  8.4998459 0.0064322213 1.3560155e-05  0.89587918 1.7250976e-05
8  8.7490311 0.0066783225 1.3700068e-05   0.8947273 1.6915916e-05
8          9 0.0068490838 1.3360602e-05  0.89350472 1.7920222e-05
8  9.2485205 0.0069828263 1.3972996e-05  0.89226303 1.8156646e-05
8  9.4998459 0.0069984099 1.4617567e-05  0.89096835 1.8399104e-05
8  9.7490311 0.0069894983 1.4591389e-05  0.88970711 1.9595486e-05
8         10 0.0069386601 1.4804921e-05  0.88845545 2.0343933e-05
8  10.248817 0.0068099545 1.4944687e-05  0.88723751 2.0289626e-05
8  10.499846 0.0066244956 1.4853097e-05   0.8860683 2.0916111e-05
8  10.749869 0.0064340184 1.5146625e-05  0.88493277 2.1255013e-05
8         11 0.006243462 1.6197871e-05  0.88379411 2.215218e-05
8   11.24941 0.006052444 1.5964038e-05  0.88273693 2.2507269e-05
8  11.499846 0.0058849483 1.6884219e-05  0.88171445 2.2614623e-05
8  11.749869 0.0057140135 1.6512468e-05  0.88072358 2.3301788e-05
8         12 0.0055421107 1.6579534e-05   0.8797505 2.4397948e-05
8   12.24978 0.005414553 1.5954614e-05  0.87880281 2.4765517e-05
8  12.499908 0.0053086406 1.7439727e-05  0.87787869 2.4715615e-05
8  12.749922 0.0051956074 1.8273518e-05  0.87698849 2.4648403e-05
8         13 0.0050942123 1.7392486e-05  0.87609629 2.632401e-05
8  13.249817 0.0050212026 1.8884423e-05   0.8752214 2.5729804e-05
8  13.499908 0.0049607444 1.9514127e-05  0.87435383 2.7161043e-05
8  13.749922  0.0048988 1.8946085e-05   0.8735258 2.7960946e-05
8         14 0.0048731832 1.9446045e-05  0.87269922 2.5872731e-05
8   14.24991 0.0048297933 2.0072115e-05  0.87185775 2.9116897e-05
8   14.49997 0.0047980882 2.1072369e-05  0.87102281 2.9363036e-05
8  14.749974 0.0047982107 2.1897608e-05  0.87022315 2.9674965e-05
8         15 0.0048223601 2.0859861e-05  0.86937135 2.9770668e-05
8  15.249956 0.004826443 2.2449347e-05  0.86856031 2.915164e-05
8  15.499978 0.0048261838 2.2212296e-05  0.86774088 2.9913361e-05
8  15.749981 0.0048427143 2.308615e-05  0.86691657 3.0694508e-05
8         16 0.0048660744 2.4991367e-05  0.86606055 3.2621304e-05
8  16.249979 0.0048751763 2.4350149e-05  0.86521655 3.2508348e-05
8  16.499982 0.0048783547 2.4475797e-05  0.86438508 3.328831e-05
8  16.749984 0.0049281496 2.5421139e-05  0.86356517 3.4329144e-05
8         17 0.004954275 2.6939386e-05  0.86268349 3.5065003e-05
8  17.249991 0.0049930935 2.6831907e-05  0.86186146 3.4099979e-05
8  17.499992 0.0049943524 2.6737342e-05   0.8610389 3.5560971e-05
8  17.749992 0.005036805 2.7892122e-05  0.86014683 3.7515544e-05
8         18 0.0050366637 2.8242838e-05    0.859255 3.8723177e-05
8  18.249996 0.0050980895 2.8250831e-05  0.85835696 4.0969053e-05
8  18.499997 0.0051699477 2.9539566e-05   0.8575225 3.8150385e-05
8  18.749996 0.0052169205 2.897131e-05  0.85664219 4.1359084e-05
8         19 0.0051981794 3.0754867e-05   0.8557578 4.1040011e-05
8  19.249999 0.0052043236 3.1267962e-05  0.85484745 3.9939717e-05
8  19.499999 0.0052363675 3.0515957e-05  0.85392115 4.1947427e-05
8  19.749998 0.0052854792 3.1939852e-05  0.85295814 4.2397292e-05
8         20 0.0052893182 3.1937969e-05  0.85208521 4.4902011e-05
8      20.25 0.0053170509 3.1444283e-05  0.85117039 4.5115578e-05
8       20.5 0.0053348991 3.2716457e-05   0.8502826 4.6102247e-05
8  20.749999 0.0052830196 3.1769604e-05  0.84932332 4.7477711e-05
8         21 0.0053574211 3.3255458e-05  0.84842165 4.8858902e-05
8      21.25 0.0053972861 3.2776445e-05  0.84745875 4.8191899e-05
8       21.5 0.0053989301 3.6822539e-05  0.84649188 4.8692112e-05
8      21.75 0.0054098655 3.6314171e-05  0.84558425 4.9791527e-05
8         22 0.005441731 3.5809209e-05  0.84458863 5.049416e-05
8      22.25 0.0054971023 3.7984654e-05  0.84359702 4.9517536e-05
8       22.5 0.005538189 3.6265928e-05  0.84268556 5.3060966e-05
8      22.75 0.0056075813 3.6491456e-05  0.84168575 5.6304258e-05
8         23 0.005653842 3.8966596e-05  0.84071307 5.5726606e-05
8      23.25 0.0056791371 3.8720705e-05  0.83964109 6.0264868e-05
8       23.5 0.0058790431 4.0925964e-05  0.83858291 5.997163e-05
8      23.75 0.0059249924 3.8693936e-05  0.83754199 5.9973929e-05
8         24 0.0060365228 4.0805329e-05  0.83644061 6.408733e-05
8      24.25 0.0061206047 4.1427181e-05  0.83537124 6.74556e-05
8       24.5 0.0062458708 4.2373921e-05  0.83412235 6.3513998e-05
8      24.75 0.006448901 4.2727307e-05  0.83300593 6.5492668e-05
8         25 0.0065439024 4.3904342e-05   0.8318151 6.8038021e-05
8      25.25 0.0067194621 4.2234959e-05  0.83055612 6.6892043e-05
8       25.5 0.0068432818 4.525024e-05  0.82924282 6.746202e-05
8      25.75 0.0071617753 4.427525e-05  0.82781991 6.9208684e-05
8         26 0.0073798876 4.502693e-05  0.82649309 7.5045297e-05
8      26.25 0.0076828357 4.5221062e-05  0.82506551 7.3865578e-05
8       26.5 0.0079748631 4.5316945e-05  0.82351738 7.8373127e-05
8      26.75 0.0082893066 4.8127893e-05  0.82178429 8.0235201e-05
8         27 0.0087426205 5.0905695e-05   0.8201185 8.3337481e-05
8      27.25 0.0092087757 4.7542869e-05  0.81821823 8.6169119e-05
8       27.5 0.0096633795 4.8881686e-05  0.81625369 9.2799198e-05
8      27.75 0.010199669 5.1143868e-05  0.81410144 9.3666372e-05
8         28 0.010787459 4.8889747e-05  0.81177826 9.9577487e-05
8      28.25 0.011341115 4.9938514e-05  0.80927256 0.00010318069
8       28.5 0.011994214 5.1416157e-05  0.80659685 0.00010467434
8      28.75 0.012532991 5.2379051e-05  0.80347949 0.00011425695
8         29 0.01312154 5.0785883e-05  0.80025702 0.00012218799
8      29.25 0.01370431 4.9531597e-05  0.79671564 0.00013037766
8       29.5 0.014247511 4.7098263e-05  0.79275093 0.00013444916
8      29.75 0.01453869 4.4942689e-05  0.78864609 0.00014291154
8         30 0.014771434 4.2516902e-05  0.78400566 0.00015044902
8      30.25 0.014825379 4.2054864e-05  0.77887475 0.00015922221
8       30.5 0.014608446 4.1334133e-05  0.77327949 0.00016684721
8      30.75 0.014139386 4.3946231e-05  0.76736083 0.00017783013
8         31 0.013321385 5.1544377e-05  0.76098557 0.00019152954
