8  2.3502199 3.6857501e-05 5.339198e-06  0.90685997 1.2275523e-05
8  2.7924813 0.0018451657 6.7431476e-06  0.90668428 1.2077831e-05
8  3.1239638 0.0038730938 6.9094391e-06  0.90658845 1.2758878e-05
8  3.3906799 0.0051863029 6.8911881e-06  0.90479375 1.2933352e-05
8  3.6427011 0.0060954421 7.4149438e-06  0.90339767 1.2954563e-05
8          4 0.0042008052 7.6817908e-06  0.90373614 1.4160809e-05
8  4.2089263 0.0074473123 7.8716331e-06  0.90230291 1.3911149e-05
8  4.4756424 0.0028348361 7.1765851e-06  0.90046332 1.4534484e-05
8  4.7141801 0.004035097 6.8666676e-06  0.90011008 1.4998624e-05
8          5 0.0048831193 7.9692623e-06  0.90009126 1.5068292e-05
8  5.2479275 0.0041208439 8.063944e-06   0.8987144 1.5229352e-05
8  5.4756424 0.002196249 7.8186806e-06  0.89881664 1.5729744e-05
8  5.7209534 0.004070256 7.7193972e-06  0.89772437 1.5481585e-05
8          6 0.0056659475 8.0081817e-06  0.89691942 1.6773207e-05
8  6.2479275 0.0040304908 8.3634987e-06  0.89600256 1.6700362e-05
8  6.4958495 0.0073272794 8.1385651e-06   0.8951082 1.73079e-05
8  6.7380567 0.0059653029 8.6695833e-06  0.89419329 1.7411078e-05
8          7 0.0074981825 8.626072e-06  0.89311179 1.758192e-05
8  7.2479275 0.0076183993 8.9137018e-06  0.89210551 1.7851834e-05
8  7.4958495 0.0091487638 8.7993765e-06  0.89092421 1.7617675e-05
8  7.7448299  0.0081271 9.5253823e-06  0.88965548 1.8965935e-05
8          8 0.0088254262 9.2529428e-06  0.88824804 1.9229551e-05
8  8.2479275 0.0092775376 9.1006661e-06  0.88676565 1.8841416e-05
8  8.4998459 0.0096228777 9.3758684e-06   0.8851772 1.9672797e-05
8  8.7490311 0.0099477879 9.9578184e-06  0.88349004 2.0860694e-05
8          9 0.01028834 9.1875783e-06  0.88173337 1.9854976e-05
8  9.2485205 0.010428607 9.7475693e-06  0.87988323 2.1614017e-05
8  9.4998459 0.0099984612 1.0146965e-05  0.87797319 2.1729558e-05
8  9.7490311 0.010251002 1.0301418e-05  0.87602496 2.2354585e-05
8         10 0.010415043 9.745608e-06  0.87401086 2.3227063e-05
8  10.248817 0.010391954 1.0379436e-05  0.87200721 2.4440077e-05
8  10.499846 0.010392179 1.027023e-05  0.86993397 2.5564146e-05
8  10.749869 0.010426197 1.0939004e-05  0.86784995 2.5994486e-05
8         11 0.010438562 1.1665929e-05    0.865715 2.6554099e-05
8   11.24941 0.010528245 1.1219759e-05  0.86351346 2.8677094e-05
8  11.499846 0.010702303 1.1806525e-05  0.86122791 3.0642929e-05
8  11.749869 0.010942477 1.1504982e-05  0.85884754 3.0518693e-05
8         12 0.011247191 1.1888101e-05  0.85636153 3.2834109e-05
8   12.24978 0.011598334 1.1984072e-05  0.85371436 3.3917024e-05
8  12.499908 0.012021618 1.209423e-05  0.85092238 3.5310079e-05
8  12.749922 0.012482845 1.173144e-05  0.84793483 3.5920357e-05
8         13 0.013018413 1.2567041e-05  0.84472525 3.6715481e-05
8  13.249817 0.013573666 1.2493167e-05  0.84127942 4.0849523e-05
8  13.499908 0.014151535 1.3224012e-05  0.83751652 4.3626499e-05
8  13.749922 0.014737428 1.3033614e-05  0.83347051 4.7228628e-05
8         14 0.015306778 1.290808e-05  0.82901653 5.0797807e-05
8   14.24991 0.01584215 1.2697588e-05  0.82421728 5.3522771e-05
8   14.49997 0.016325107 1.2318877e-05  0.81898289 5.6535701e-05
8  14.749974 0.016740834 1.1687153e-05  0.81333034 6.0644942e-05
8         15 0.017020194 1.1573346e-05  0.80719388 6.3816945e-05
8  15.249956 0.017202625 1.1646268e-05  0.80057239 6.6525877e-05
8  15.499978 0.017258197 1.1438708e-05  0.79343148 7.0912184e-05
8  15.749981 0.017172348 1.1827175e-05  0.78586629 7.3126439e-05
8         16 0.016975791 1.2117893e-05   0.7778639 7.9809225e-05
8  16.249979 0.016657596 1.1665853e-05  0.76940735 8.4464966e-05
8  16.499982 0.01624799 1.1650929e-05  0.76059292 8.7842368e-05
8  16.749984 0.015760248 1.1492768e-05  0.75140741 9.1745492e-05
8         17 0.015232249 1.1798886e-05  0.74186082 9.8166492e-05
8  17.249991 0.01466122 1.0505403e-05  0.73214392 0.00010022617
8  17.499992 0.014083933 9.9796702e-06  0.72202135 0.00010347939
8  17.749992 0.013520486 9.6824913e-06  0.71175581 0.00010791456
8         18  0.0129774 9.505992e-06  0.70139624 0.00010865766
8  18.249996 0.012468022 8.436852e-06    0.690901 0.00010996328
8  18.499997 0.011984658 8.0486218e-06  0.68033085 0.00011320515
8  18.749996 0.011541748 7.8645168e-06  0.66964804 0.00011653342
8         19 0.011140668 7.6752979e-06  0.65898124 0.00012115152
8  19.249999 0.010766666 7.2882127e-06  0.64835557 0.00012352568
8  19.499999 0.010429234 7.4635046e-06  0.63778757 0.00012839206
8  19.749998 0.010127167 7.5943614e-06  0.62731938 0.00013033382
8         20 0.0098320154 7.5752575e-06  0.61694387 0.00013556872
8      20.25 0.0095567266 7.5488151e-06  0.60671599 0.00013704237
8       20.5 0.0092833537 7.47834e-06  0.59647431 0.00014413728
8  20.749999 0.0090184124 7.5575353e-06  0.58635738 0.00014423219
8         21 0.0087667296 7.8080133e-06  0.57641439 0.00014484539
8      21.25 0.0085237514 7.6580023e-06  0.56666119 0.00014511976
8       21.5 0.0082730386 7.322721e-06  0.55707474 0.00014883467
8      21.75 0.0080208778 6.975458e-06  0.54763667 0.00014930163
8         22 0.007775425 6.6072786e-06  0.53826556 0.00015158862
8      22.25 0.0075289048 6.1490616e-06  0.52904882 0.00015576171
8       22.5 0.00728803 6.1168501e-06  0.52011564 0.00015586687
8      22.75 0.0070554281 6.1623855e-06  0.51121889 0.00015758391
8         23 0.0068178535 6.2091452e-06  0.50246527 0.000157238
8      23.25 0.0065877684 6.2241341e-06  0.49394076 0.000158604
8       23.5 0.0063615504 6.3241273e-06  0.48547662 0.00016066046
8      23.75 0.0061450976 6.6567637e-06  0.47718114 0.0001637024
8         24 0.0059350104 6.9260495e-06  0.46894741 0.00016180079
8      24.25 0.0057346027 6.4276154e-06  0.46098554 0.00015823126
8       24.5 0.0055460077 6.6322657e-06  0.45317426 0.00016015385
8      24.75 0.0053673846 6.4558506e-06  0.44536141 0.0001614243
8         25 0.005197209 6.1375502e-06  0.43777533 0.00016293045
8      25.25 0.0050584678 5.9221193e-06  0.43036377 0.00016536227
8       25.5 0.00493267 5.5354609e-06  0.42305728 0.00016524134
8      25.75 0.0048200514 5.220327e-06   0.4159384 0.00017063512
8         26 0.0047319502 4.8952021e-06  0.40894178 0.00016976912
8      26.25 0.0046580614 4.8589403e-06  0.40199613 0.00016654383
8       26.5 0.0046077574 5.0744603e-06  0.39513225 0.00016841309
8      26.75 0.0045739369 6.2594072e-06  0.38835694 0.000167187
8         27 0.0045697403 7.8258302e-06  0.38165453 0.00016898618
