0  
2.58496  
4  
5.08746  
5.58496  
4.32193  
0 0.56067608977099 0.035470787859623
1 1.1056287119782 0.0099275398117309
1.58496 1.1772047881859 0.0095875599687519
2 1.2476547317078 0.0041228976701976
2.32193 1.1573739886445 0.010474742021293
2.58496 1.2994418249466 0.0015105603113862
3 1.2932648433722 0.0032103159943328
3.16993 1.2574004592047 0.0030148721320029
3.45943 1.2064313973673 0.0059730093621364
3.70044 1.2102065796888 0.0070960541581272
4 1.328559700138 0.0029703102658669
4.24793 1.2480362387535 0.0034535087913021
4.45943 1.2993215502727 0.00093510683318399
4.70044 1.3115672474768 0.00066775660234269
5 1.3469351897273 0.0013835943077706
5.24793 1.3322922087339 0.0029028773739415
5.49185 1.3467231864363 0.0013990273816117
5.72792 1.3343853948291 0.001720620285644
6 1.3757044608225 0.0012445390096022
6.24793 1.3856724135064 0.0034069892347397
6.49185 1.39701621485 0.0022997554582566
6.74147 1.3978847596303 0.0010318474767707
7 1.4209554061946 0.00078146894237745
7.24793 1.4322353675976 0.00091295078012044
7.49985 1.4457607375073 0.0012702103009186
7.74819 1.46042847485 0.00055723153953237
8 1.4755129029002 0.001825759109346
8.24793 1.49439682679 0.0013520386788491
8.49985 1.5081033153709 0.001582134723129
8.74819 1.5258013480495 0.0028165293600592
9 1.540093608991 0.0030119915804695
9.24793 1.5617482844656 0.001606048825042
9.49985 1.5802788188758 0.0024991298792378
9.74987 1.595160776574 0.0020479287489776
10 1.6193486064289 0.0030005334421642
10.2491 1.6397746980983 0.0029723684830124
10.4998 1.6572926926517 0.0038394000526882
10.7499 1.6764487758398 0.0027104444964136
11 1.693001379247 0.0050039832137789
11.2497 1.717688884403 0.0039380820669768
11.4998 1.7378950216233 0.0038752460618285
11.7499 1.7645132612414 0.0036526902628964
12 1.7840258423555 0.0012115002763139
12.2497 1.8084987889809 0.0039359101294427
12.4998 1.8340931144015 0.0038657407615574
12.7499 1.8575381440061 0.0074976520783037
13 1.8859489616497 0.0044715054560409
13.2499 1.9120617786901 0.0019641164582034
13.5 1.9352795458986 0.0053673597721617
13.75 1.9635381589045 0.005735139718793
14 1.9883121816552 0.0058793377223616
14.2499 2.0258780109224 0.0064473776242215
14.5 2.0478093692345 0.0058950260048857
14.75 2.0789754991823 0.0058116350301136
15 2.1076533356363 0.0058094550472393
15.25 2.1437215561381 0.0059382556027949
15.5 2.1781207626019 0.0066553535671451
15.75 2.2093775197148 0.0038198523284609
16 2.2473755165364 0.0060776275687985
16.25 2.2834600304386 0.0076367502554763
16.5 2.3148448248564 0.010383454625373
16.75 2.3537373247333 0.010824933254742
17 2.3870810389288 0.0087257950981799
17.25 2.4286861158019 0.012749236354206
17.5 2.4672201927234 0.012050567727181
17.75 2.4981868589792 0.011330359236717
18 2.5469629660251 0.0095193734176235
18.25 2.5828862204827 0.011824219510681
18.5 2.6226407953344 0.015301882547717
18.75 2.6546124131484 0.015842851133814
19 2.6937505042358 0.023449793479271
19.25 2.7420111128701 0.020422181548097
19.5 2.7821434396725 0.024968088032965
19.75 2.8172746798431 0.020406876649277
20 2.8635440670931 0.026032853847386
20.25 2.8983422420372 0.027300988542829
20.5 2.9401410510599 0.018012519271546
20.75 2.9886321611092 0.032360314020939
21 3.0195846501052 0.034995618259724
21.25 3.070136035624 0.036870111012474
21.5 3.1049605242303 0.031492614985732
21.75 3.1636054911785 0.029538023038191
22 3.1898969023426 0.031268800534051
22.25 3.2393237301301 0.040990988217063
22.5 3.2790181837947 0.038756473496463
22.75 3.3207623163446 0.040995758949533
23 3.3691627175161 0.045170881959019
23.25 3.4255274328509 0.03475722945402
23.5 3.4657588598417 0.036740279580029
23.75 3.5149553092327 0.054262810670829
24 3.5549424040379 0.053219208423527
24.25 3.6194504048117 0.041543164919805
24.5 3.659113683393 0.049337189714666
24.75 3.7237932479929 0.051650116516375
25 3.7604335596768 0.046887966609044
25.25 3.8095624917015 0.049372159309268
25.5 3.8657093178832 0.057879984294788
25.75 3.924805974104 0.055534758606444
26 3.9866988825779 0.053879030962774
26.25 4.0393355901429 0.061952222987507
26.5 4.0997820429337 0.0673628111549
26.75 4.1339130929358 0.051299626171987
27 4.209711604805 0.057018880746748
27.25 4.2669172407863 0.058669423571703
27.5 4.3269695346233 0.061639929245154
27.75 4.3761798816783 0.067878842898787
28 4.4428311052018 0.064114333180144
