0  
2.58496  
4  
5.08746  
5.58496  
4.32193  
0 0.58694248069007 0.037115856205258
1 1.1121023169603 0.01000546705248
1.58496 1.1805649088659 0.0094440610093946
2 1.2487885969591 0.0030309714968405
2.32193 1.1579527370345 0.0087931289608784
2.58496 1.2996943961413 0.0015703647434599
3 1.2924666808845 0.0034487677449761
3.16993 1.2581938548809 0.005519212247934
3.45943 1.2058791532011 0.0065357463581469
3.70044 1.2082306193923 0.0059909402756267
4 1.3248363408623 0.004017891304507
4.24793 1.245705095706 0.0046669987582011
4.45943 1.2955549813895 0.0021569246110648
4.70044 1.3092900762569 0.0026044517912665
5 1.3468387523062 0.0017867828779465
5.24793 1.3301965782949 0.0012889134548336
5.49185 1.3455583824117 0.0014631322858751
5.72792 1.3359143561551 0.0028034794927957
6 1.3722267997527 0.00034073952289577
6.24793 1.3805477043501 0.0024960730931294
6.49185 1.3966657026409 0.00135996697726
6.74147 1.3948061592575 0.001378010228668
7 1.4130539919503 0.00098745657003268
7.24793 1.4258876543977 0.00061725876150006
7.49985 1.4402940776826 0.0021381999796899
7.74819 1.4549828295411 0.0024570268082485
8 1.47039201275 0.0029069959214531
8.24793 1.4859691741082 0.0015204174460304
8.49985 1.5019876322041 0.0010818825920678
8.74819 1.5170720099862 0.00089764706361116
9 1.5341143988895 0.00036465978958956
9.24793 1.5486088566536 0.0015060747797153
9.49985 1.5685858695151 0.0015951458008633
9.74987 1.586188167607 0.0019065001777051
10 1.6038080135218 0.0024546765006929
10.2491 1.6196069408829 0.00080612137703095
10.4998 1.6405123557266 0.0027878770722952
10.7499 1.6650057852797 0.0032760133680488
11 1.6806556477266 0.0026666914731603
11.2497 1.7003024975756 0.0046109657897822
11.4998 1.7182167122029 0.0036820376908747
11.7499 1.7412798568921 0.0044465003687603
12 1.7602798453782 0.0014025618186531
12.2497 1.7833323302837 0.0015463246591101
12.4998 1.8017784916764 0.0058992105912209
12.7499 1.8261840502689 0.0069563308736218
13 1.8511492180478 0.0063177360741175
13.2499 1.8729568909698 0.0057132293753303
13.5 1.8966191839998 0.0061591994539475
13.75 1.9183735249044 0.0070740932136618
14 1.9466784759494 0.0042696555681195
14.2499 1.9707305705222 0.0035097868972159
14.5 1.9903920466267 0.0039194766380344
14.75 2.0229042776743 0.0044195887569531
15 2.0537368835622 0.0045445593203152
15.25 2.0755268815502 0.003774351916628
15.5 2.1018230081178 0.0032239827926811
15.75 2.1298275864053 0.0044105688315044
16 2.1530424845316 0.0019699136147578
16.25 2.1798959627301 0.0041665414336946
16.5 2.2085239366431 0.004684164894971
16.75 2.2404006196131 0.0050663144371881
17 2.2725321592773 0.0084173816448191
17.25 2.3031942524058 0.012755808952814
17.5 2.3381679588388 0.0059370042798977
17.75 2.3655690003103 0.008556335663214
18 2.3980065646187 0.0057195927671922
18.25 2.4212762209894 0.0087710172972932
18.5 2.4591687565149 0.0098741071141672
18.75 2.4884756504958 0.010012898693829
19 2.5170194157527 0.0089814464292712
19.25 2.5547524114498 0.013315348751457
19.5 2.5950733515749 0.013256421372569
19.75 2.6301304174858 0.010005932323608
20 2.6612786468765 0.022432054953088
20.25 2.6954841831478 0.015108013949189
20.5 2.7468636749655 0.015628805458945
20.75 2.7857140557577 0.01956144534551
21 2.8339185562655 0.020778091676764
21.25 2.871436910242 0.022862011588712
21.5 2.9049045994127 0.020598334884333
21.75 2.9471237158961 0.029672253362812
22 2.9900213447502 0.025038592633002
22.25 3.0247901273073 0.031277975568414
22.5 3.0693005380441 0.021598426768788
22.75 3.1157704316004 0.026616660726067
23 3.1635701873831 0.037284518929415
23.25 3.2143537995841 0.022506441826515
23.5 3.2610741192182 0.028481406541529
23.75 3.303740902265 0.035285463222298
24 3.3550280841195 0.025835904253559
24.25 3.4061936286762 0.029314913019143
24.5 3.4599272028099 0.036810957789141
24.75 3.5218679659907 0.033398853827909
25 3.569168948131 0.041072239608311
25.25 3.625457184797 0.049020531242425
25.5 3.6723890514385 0.044192475097844
25.75 3.7463189272741 0.051642976489237
26 3.7716051580568 0.051472879714347
26.25 3.8430620345611 0.063607826686741
26.5 3.9079889891194 0.047656572297562
26.75 3.975880601791 0.071970691954902
27 4.0478341197768 0.076911332311311
27.25 4.1192076146194 0.071448500592332
27.5 4.1868885309855 0.073620206012913
27.75 4.2490408149879 0.084040541259829
28 4.331884310156 0.074134859734325
28.25 4.4090161553592 0.071931052612177
28.5 4.4865800598915 0.088221341465305
28.75 4.550838109326 0.090904566810322
29 4.6455563307848 0.10450148667418
29.25 4.7219503683921 0.11118295582558
29.5 4.8237689707166 0.092741832437706
29.75 4.9383484199711 0.096202537004429
30 5.0275994672924 0.089452161417822
30.25 5.1492014124549 0.087955895340352
30.5 5.2343285293979 0.07429852546623
30.75 5.360678245141 0.12346499634285
