1 1.1086974211084 0.0095318316441053
1.58496 1.1772958733902 0.0090496805492872
2 1.2492283378313 0.0049730078002815
2.32193 1.1585740859871 0.0097353902918479
2.58496 1.2993120918001 0.0032508524498374
3 1.2904327334596 0.0040889723972239
3.16993 1.256470739741 0.0055902040839192
3.45943 1.2050394784876 0.0061035298930359
3.70044 1.2065031725838 0.0069293169336639
4 1.3254124099015 0.002716869545957
4.24793 1.2460646680424 0.005370187759917
4.45943 1.2955706047894 0.0035714993311603
4.70044 1.3067073018604 0.0036966225914485
5 1.3446718531629 0.0019607217789896
5.24793 1.3303155094848 0.00094225498424841
5.49185 1.3443410657865 0.0014429602689027
5.72792 1.3356993487396 0.0023832935812416
6 1.3721174766566 0.0015384594274561
6.24793 1.3791651630654 0.0010612825416005
6.49185 1.3941597683971 0.00046988580623833
6.74147 1.3931096596556 0.0013994626758779
7 1.4122017226598 0.0014020113242078
7.24793 1.4241581884089 0.0044887413620759
7.49985 1.437755825176 0.0017897779668497
7.74819 1.4545237546327 0.0024006694309904
8 1.4696795128583 0.0022806153795786
8.24793 1.485361847771 0.0019365574206686
8.49985 1.5015859227953 0.0017015981659568
8.74819 1.5228597556398 0.0019038266968194
9 1.5353407188015 0.0023030489066907
9.24793 1.5506638425507 0.001966824395848
9.49985 1.5693379870183 0.0026366599596779
9.74987 1.5850018925417 0.0020198803497472
10 1.6050356494651 0.00022755915119099
10.2491 1.628267951777 0.0021302283910672
10.4998 1.6428816177516 0.0026170868855955
10.7499 1.6589982793964 0.0016058576776123
11 1.6814200734295 0.0036762787244501
11.2497 1.7004666849956 0.0012774901273789
11.4998 1.7262322987843 0.0027201567017455
11.7499 1.7414937401051 0.0031819493793456
12 1.7646581609054 0.0012976597870383
12.2497 1.7884062847346 0.0040164967262145
12.4998 1.8096963319353 0.0032386861099971
12.7499 1.8278346339404 0.0045376623445057
13 1.8498072023443 0.0051041812022092
13.2499 1.8778201291329 0.0035911437219302
13.5 1.8996255926108 0.0072495418952299
13.75 1.9252732905571 0.0057738207767845
14 1.9489036773921 0.0045105720998596
14.2499 1.9712609807408 0.0037788350742858
14.5 2.0049440301562 0.0017869117172827
14.75 2.0294764364624 0.0018444764257887
15 2.0565327888643 0.0013347655242733
15.25 2.0842261516457 0.0040915289714059
15.5 2.1122791513023 0.0036567570679431
15.75 2.1348974662659 0.0072836565420017
16 2.168872947967 0.0033686000488894
16.25 2.1978191048124 0.0055728685802037
16.5 2.2238370714814 0.003114977263465
16.75 2.2547888578738 0.0045277553741386
17 2.2882061213105 0.0057286705200495
17.25 2.3229250428755 0.002629836851443
17.5 2.3562981041613 0.0057477833244495
17.75 2.3781691539278 0.0098894709582953
18 2.4163707770198 0.008215762047908
18.25 2.4563509145177 0.011712887370733
18.5 2.4840768312189 0.012714248498453
18.75 2.5196247341592 0.009512304458066
19 2.5514008313404 0.013215645380396
19.25 2.6026171593936 0.008749557411408
19.5 2.6280620994571 0.018500734727667
19.75 2.6668107440941 0.018919636662696
20 2.7247792839336 0.022941922469418
20.25 2.7503868477806 0.017916236990763
20.5 2.8019427123121 0.016796121782737
20.75 2.850549176168 0.024432452531238
21 2.8926346548709 0.022492180631275
21.25 2.9366521641001 0.023565064619414
21.5 2.9865955561534 0.025233592216535
21.75 3.0362374161859 0.024962234334166
22 3.087426651596 0.03314652809863
22.25 3.1384983523541 0.019346526906557
22.5 3.1823992363321 0.024099796026734
22.75 3.2397705856329 0.0235342363254
23 3.2998879760604 0.036153935976137
23.25 3.3495194142339 0.041879427537684
23.5 3.4261121008841 0.040635870071629
23.75 3.4891180744046 0.042793055017574
24 3.5455797844243 0.050387893540644
24.25 3.6320006025177 0.044024718516346
24.5 3.6854455846118 0.053638733655599
24.75 3.7424340538551 0.047255222073841
25 3.8196867829606 0.065418813257862
25.25 3.8799916106666 0.054073843367163
25.5 3.9664601305582 0.059882087930757
25.75 4.0454616159369 0.056822035866855
26 4.1036403659498 0.067235139602138
26.25 4.1655018170326 0.050765517812298
26.5 4.2521891169258 0.070814754998598
26.75 4.3038159493022 0.048673518059386
27 4.3736157679625 0.061525744028301
27.25 4.4577734387337 0.051253274494069
27.5 4.5389661993292 0.046174641409479
27.75 4.6081869485299 0.062454388924143
28 4.6698272005324 0.052000027576865
