0  
2.58496  
4  
5.08746  
5.58496  
4.32193  
0 2.6635787130324 0.0013724129372583
1 2.6634805569228 0.0013064312272723
1.58496 2.6636763940632 0.0013582069332721
2 2.6637359573386 0.0014390261822208
2.32193 2.6640748133766 0.0013520701427363
2.58496 2.6642724946419 0.0013727990305918
3 2.6648043575194 0.0013948954059377
3.16993 2.6650182834606 0.001362905796148
3.45943 2.6656298655552 0.0013455119523539
3.70044 2.6661043736683 0.0013470546189371
4 2.6668451284533 0.0014101908047333
4.24793 2.6676748967904 0.0013698675906354
4.45943 2.6684119330311 0.0013203017381072
4.70044 2.6693317097424 0.0013274076013247
5 2.6706765259882 0.0013133491404493
5.24793 2.6720325092847 0.0012419107045175
5.49185 2.673642119105 0.001263884047264
5.72792 2.675465204465 0.0012443055836553
6 2.6780931967342 0.0014021929868511
6.24793 2.6814113068659 0.001392150733145
6.49185 2.6841686780945 0.0013600568160681
6.74147 2.6876996131892 0.0013691761154027
7 2.6926101042741 0.0013415044165366
7.24793 2.6969459817178 0.0015099334286309
7.49985 2.7036811974789 0.00075937977059571
7.74819 2.7106132277905 0.0014985048753384
8 2.7189638926361 0.0013691335378236
8.24793 2.7284757973106 0.0014741575475193
8.49985 2.7396350327937 0.0014272439181049
8.74819 2.7519614898484 0.001341991839191
9 2.7660911417821 0.0015461679570076
9.24793 2.7819121046362 0.0014194301130473
9.49985 2.7998894019225 0.001547540439989
9.74987 2.8197279204177 0.0016532864359051
10 2.8419889995042 0.0016742605335213
10.2491 2.8660309727073 0.0015708231711627
10.4998 2.8925045269225 0.0017169213609563
10.7499 2.9208111840742 0.0018043258777904
11 2.951795655453 0.0018418599360472
11.2497 2.9851870777119 0.0020426639691389
11.4998 3.0194226374238 0.0020225167466622
11.7499 3.0577397471973 0.0021104687584784
12 3.0955546546869 0.0022275806588627
12.2497 3.1362103164367 0.0024477914082466
12.4998 3.1796271274814 0.0024340133720432
12.7499 3.2231852688914 0.0025534943586379
13 3.2683717242833 0.0024231371543962
13.2499 3.3159170855662 0.0028093611410923
13.5 3.3648252701752 0.00286440420192
13.75 3.4148802248922 0.0030898965558158
14 3.4662028732095 0.0031758533508749
14.2499 3.5186668406809 0.0033314277998906
14.5 3.5725983630163 0.0034255065146151
14.75 3.6266036893512 0.0035901722725354
15 3.683041496805 0.003731661424486
15.25 3.7398209271525 0.0039080579268227
15.5 3.7976586693698 0.0039990264954958
15.75 3.8567931098282 0.0043097743058078
16 3.9165155539925 0.0048639254412712
16.25 3.9771856522482 0.0045025406787396
16.5 4.039551620954 0.0051461366717919
16.75 4.1031307401334 0.0056711703925319
17 4.1662083594317 0.0058571356255341
17.25 4.2310498796301 0.0063943091966837
17.5 4.2971653302 0.0064238230623263
17.75 4.3635678864761 0.0061840128302591
18 4.433156170469 0.0064780479842132
18.25 4.4988635851313 0.0063515214594242
18.5 4.5693769061979 0.0066468259989789
18.75 4.6391487924754 0.0071743487663731
19 4.7109912119846 0.0081641908861616
19.25 4.7838378499262 0.0086248960901054
19.5 4.8558641641094 0.0084910296417528
19.75 4.9305025385607 0.0084655829531444
20 5.0063285776845 0.0084850554566119
20.25 5.0844759092415 0.0086537936537976
20.5 5.1616165493794 0.008992387917452
20.75 5.2396453287279 0.0094636820872175
21 5.3210514083415 0.0092733357577273
21.25 5.4012312292924 0.0093961257337895
21.5 5.4834277834008 0.0094188985434224
21.75 5.5673767165279 0.0085397541082913
22 5.649902714722 0.0093909779126728
22.25 5.7360129431182 0.010223835118383
22.5 5.8204465844438 0.010772096722439
22.75 5.9095411975749 0.011012255195972
23 5.9931730874994 0.010280716799791
23.25 6.0846047304985 0.0089164841345992
23.5 6.1717227799727 0.0094188461346373
23.75 6.2632781805482 0.0081699315662519
24 6.3602132626869 0.0089793438619967
24.25 6.4497199572666 0.0097539597177176
24.5 6.5408900374768 0.0091155342441956
24.75 6.6388656205153 0.0098312157046679
25 6.7321972105892 0.0088132876008606
25.25 6.8303288413361 0.0082781605638613
25.5 6.9288019247544 0.0085194487440496
25.75 7.0286472627868 0.0083450202011989
26 7.1329645926384 0.0088729387635412
26.25 7.2332181432025 0.0088699261014751
26.5 7.3354932105561 0.008363616078543
26.75 7.4388216414988 0.0055832946571923
27 7.5436579779087 0.0066707907655629
27.25 7.6498766021578 0.0050049710997643
27.5 7.7571920707377 0.0031397755534545
27.75 7.8688851406016 0.0053158302965798
28 7.9808070008692 0.0046537500571067
