0  
2.58496  
4  
5.08746  
5.58496  
4.32193  
0 9.5462456808391 0.0099589129779786
1 9.5460616358029 0.010042264981298
1.58496 9.5462713726894 0.0099028688723563
2 9.5458504377364 0.0099706408506916
2.32193 9.5461434197835 0.0097850147991678
2.58496 9.5456422604876 0.0097642668133474
3 9.5460033746762 0.0096521692324008
3.16993 9.5464158747312 0.010440876116692
3.45943 9.5466112927524 0.009452070886206
3.70044 9.5461899611875 0.0097487286884536
4 9.5468387591442 0.010689175866674
4.24793 9.5465963276508 0.0098978598891597
4.45943 9.5468256173877 0.0099908265171368
4.70044 9.5466704135219 0.0099930697207504
5 9.5466528445064 0.0099116765468678
5.24793 9.5470595755126 0.0096121637778013
5.49185 9.5469089163425 0.0095109288131261
5.72792 9.5472965087502 0.0095006773481857
6 9.5478422667585 0.010096652144401
6.24793 9.5470311300012 0.0099729353839567
6.49185 9.5475747106492 0.0099290651025847
6.74147 9.5472333638931 0.0097381269172525
7 9.5467410517485 0.0099306138365077
7.24793 9.5459225553871 0.010022005646582
7.49985 9.5467367637432 0.009744225581932
7.74819 9.5477852342929 0.0092854563799839
8 9.5467508313853 0.0091648129908783
8.24793 9.5467278250366 0.0099195527772796
8.49985 9.5467525590277 0.0095203069182529
8.74819 9.5473964038383 0.010068166225829
9 9.5470505571415 0.010583557545666
9.24793 9.5468510908229 0.0099502217737913
9.49985 9.5455752325603 0.010453431317197
9.74987 9.5465109323195 0.010801863419675
10 9.5453728328895 0.010277987825967
10.2491 9.5452560801941 0.010879779744956
10.4998 9.5463089649534 0.010921517312175
10.7499 9.5460240796896 0.011086022259183
11 9.5462381293403 0.010149272382297
11.2497 9.5460136774567 0.010773502342693
11.4998 9.545740010305 0.010890642551938
11.7499 9.5459801294142 0.010277477955901
12 9.5454200283852 0.010851566497669
12.2497 9.545855460887 0.011350159631427
12.4998 9.546044509678 0.011123094635228
12.7499 9.5471751954964 0.01036836136343
13 9.5479363489137 0.010753599423085
13.2499 9.5475333103641 0.010344964249841
13.5 9.5464608980125 0.010809062998271
13.75 9.5466453901638 0.011146045142507
14 9.5459572070049 0.010107012746489
14.2499 9.5467591432574 0.010689316418839
14.5 9.5471809068508 0.0095737958203971
14.75 9.5455674683352 0.010293752725249
15 9.5457868373979 0.011044284668949
15.25 9.54667441397 0.010841344102864
15.5 9.5458885797018 0.010313112013974
15.75 9.5472024133009 0.0099633026651101
16 9.5464236625445 0.0097495101689952
16.25 9.5449205677788 0.0096625504670388
16.5 9.5461962228527 0.010499738443977
16.75 9.545747092739 0.0096503714457616
17 9.5473634157042 0.010280381421652
17.25 9.5443801231449 0.010874888115616
17.5 9.5457221103536 0.009882717792056
17.75 9.5449410423207 0.010243286199881
18 9.5455196933705 0.01095049631881
18.25 9.5461976359526 0.010035048559694
18.5 9.5457373415651 0.012178684690707
18.75 9.5457292269689 0.010580114434437
19 9.5484877860848 0.01023489027742
19.25 9.5463621349085 0.010880989477928
19.5 9.5486905100937 0.011054852013468
19.75 9.547879828919 0.010264266893147
20 9.5471299001421 0.011851437282377
20.25 9.5461059803293 0.010840671635921
20.5 9.5482976234595 0.011102323099654
20.75 9.5450935175966 0.0092892238400158
21 9.5443559228518 0.0081969709011208
21.25 9.5464969588876 0.0092600397284835
21.5 9.5484084409027 0.011205720136659
21.75 9.5481040484985 0.012124405532984
22 9.5481986716136 0.012689136303577
22.25 9.5488241235454 0.012107278175495
22.5 9.5496861601965 0.009689729136461
22.75 9.5489447791688 0.011619770158027
23 9.5512231331468 0.011256270897298
23.25 9.5469671820026 0.01172155228037
23.5 9.5525244106018 0.01074634624581
23.75 9.5493657014356 0.011925129008255
24 9.5512813293851 0.013233020703026
24.25 9.5569910385191 0.011921797264046
24.5 9.5569383433381 0.013095528734322
24.75 9.5602113387834 0.012945567930022
25 9.5582597650831 0.01136566038241
25.25 9.5638576774599 0.01164129213442
25.5 9.5616753224744 0.01219612216778
25.75 9.5646987954481 0.012244992245471
26 9.5709957698747 0.012236564463758
26.25 9.5729266184519 0.012824651711045
26.5 9.5659231052523 0.012337247293561
26.75 9.5820725236143 0.012331138182512
27 9.5968178198832 0.012326202740173
27.25 9.594461894009 0.01214139873572
27.5 9.6027506264893 0.013615465542888
27.75 9.6115289920618 0.012253981951828
28 9.6235312107257 0.011605943796856
28.25 9.6336291424507 0.012742820601811
28.5 9.6539343161846 0.012296000804135
28.75 9.6704983655757 0.014568131323277
29 9.700642458345 0.013525657072638
29.25 9.721903093228 0.014005885101084
29.5 9.7477593177882 0.013715416078304
29.75 9.7822645044736 0.015268045299637
30 9.8149888247206 0.012823678694207
30.25 9.8566150744014 0.014184998911839
30.5 9.9064083225331 0.016683068944614
30.75 9.9600230857362 0.010885974558606
31 10.029438535183 0.010949636637415
31.25 10.084313811639 0.01347477953476
31.5 10.15417908922 0.019014067756449
31.75 10.233997523035 0.015222914089362
