0  
2.58496  
4  
5.08746  
5.58496  
4.32193  
0 6.1667554153138 0.0097202846989263
1 6.1661483180895 0.00977941982893
1.58496 6.1664450202636 0.0096858018803252
2 6.1667431462327 0.0095095905358869
2.32193 6.1663819069598 0.0098596061250649
2.58496 6.1663702891978 0.0097738573904616
3 6.1667005114199 0.0095526403376584
3.16993 6.1658180715271 0.0095224412290054
3.45943 6.1659138863378 0.0096531995237737
3.70044 6.1665777977775 0.0094710406530964
4 6.1664955785762 0.0097089283899608
4.24793 6.1661404819204 0.0096563496401402
4.45943 6.166138796653 0.0095183974017514
4.70044 6.1662304754202 0.009700958608759
5 6.1662766316851 0.0094764216561364
5.24793 6.1664521637777 0.0096615959510931
5.49185 6.168132755281 0.0099773400204691
5.72792 6.1668798366736 0.0095583438022496
6 6.1667720555359 0.01048873970616
6.24793 6.1673637077052 0.0094625705274915
6.49185 6.1677103681532 0.0095709180196878
6.74147 6.167639067861 0.0098013745842745
7 6.1672216299941 0.0096552527743099
7.24793 6.1671169253148 0.0098070183356413
7.49985 6.1675897283604 0.0096674598403185
7.74819 6.1670807680447 0.010163677641694
8 6.1671202447901 0.0096109571778063
8.24793 6.16869909171 0.010226513241022
8.49985 6.1674233846457 0.010661449463524
8.74819 6.1673682084624 0.010144610605291
9 6.1694848070804 0.0101394347836
9.24793 6.1677400755241 0.0099388197817026
9.49985 6.167649125136 0.0098431812545748
9.74987 6.1679833716217 0.01118785705821
10 6.165922357237 0.010148361193561
10.2491 6.1665285672723 0.0099863068321562
10.4998 6.1695327804879 0.010023032000813
10.7499 6.1685877337838 0.011833420394757
11 6.1671509801002 0.01016747792357
11.2497 6.1675009496908 0.010618525742198
11.4998 6.1686136252732 0.0087289998415319
11.7499 6.1672773436362 0.0096590039317377
12 6.1672132380536 0.0094912994857477
12.2497 6.1674339222554 0.009897845428511
12.4998 6.1669983119556 0.0093583984269153
12.7499 6.1681186850138 0.0096976809869287
13 6.1666110385125 0.010234102122151
13.2499 6.1660904108459 0.0099007296918327
13.5 6.1678072037442 0.010530447959607
13.75 6.1663138912333 0.0097961801854296
14 6.1663020963058 0.0087705428209834
14.2499 6.167486384514 0.0089416674217855
14.5 6.1668476455534 0.0096970939752167
14.75 6.1699346560869 0.010640739163695
15 6.1704587546139 0.011770368998695
15.25 6.1688416026938 0.0098567221413462
15.5 6.1698717304576 0.0089651910436536
15.75 6.1692520934427 0.0096935073645617
16 6.171302951673 0.0099635254555935
16.25 6.1698712534034 0.0081956741962388
16.5 6.1728800824862 0.0083895412042748
16.75 6.1720002235219 0.009962528187146
17 6.1728080817216 0.0089621292219788
17.25 6.1735693323467 0.0087939325970373
17.5 6.1744992217726 0.0096831988391587
17.75 6.1753968777239 0.0092600720964902
18 6.1785092663747 0.0094395143454808
18.25 6.1817037590478 0.0093053585782302
18.5 6.1842606601432 0.011469076088788
18.75 6.1876354394288 0.0087791137127012
19 6.1905488006242 0.0088834068597432
19.25 6.1942612016014 0.0096540440256329
19.5 6.1996679883124 0.010423502950291
19.75 6.2052356424821 0.0099441894979855
20 6.2116544694918 0.0094923138602984
20.25 6.2204886202497 0.0096002826304003
20.5 6.2283170007382 0.0091226723552228
20.75 6.239904248407 0.0091169101698787
21 6.2549042176516 0.0096941449912822
21.25 6.2678945526749 0.0092714745450248
21.5 6.2855189131228 0.0092860558754927
21.75 6.3089986367552 0.0089635480975676
22 6.3292894500523 0.0083359058929796
22.25 6.3541274929779 0.0093920330235578
22.5 6.3810693160804 0.009813380861756
22.75 6.416307905593 0.0087357820858684
23 6.4507700003331 0.0072812948845303
23.25 6.4888592690273 0.0085002763946192
23.5 6.536493450285 0.0072602485255974
23.75 6.5839079530369 0.008381847618117
24 6.6394684936935 0.0084758035447445
24.25 6.7009247169088 0.0090058750649684
24.5 6.7636342639374 0.0093241600668058
24.75 6.8417312084322 0.010420081319148
25 6.9064035668622 0.0085040263443343
25.25 6.9840178565656 0.0072100783404642
25.5 7.0622009667046 0.0058709630292146
25.75 7.144965738993 0.0066716286755339
26 7.2306536385461 0.0078120219860802
26.25 7.3231893933607 0.0067720812475896
26.5 7.4160854341693 0.0056103508777094
26.75 7.507053889454 0.0067109039199323
27 7.6152459928236 0.0084653884726327
27.25 7.720130941409 0.0049714620965226
27.5 7.8145411346939 0.0066852203940448
27.75 7.9105369586724 0.0064162933282202
28 8.026387536765 0.0055191738867762
