0  
2.58496  
4  
5.08746  
5.58496  
4.32193  
0 3.8209125237019 0.0039342138599557
1 3.8207226770712 0.0039117816815373
1.58496 3.8205982924779 0.0039618744917473
2 3.8206576695646 0.0039035597001861
2.32193 3.8205843038974 0.0039093590009376
2.58496 3.8204866525126 0.0037836545976186
3 3.8208714361103 0.0038090838434554
3.16993 3.8207218546001 0.0038299917714334
3.45943 3.8210478380581 0.0039933869052352
3.70044 3.8207148120405 0.0037710979648536
4 3.8209497171715 0.003812036371535
4.24793 3.8208430657552 0.0041893383795827
4.45943 3.8208155685531 0.0040260623672271
4.70044 3.8208157259935 0.0038723456344234
5 3.8206761388406 0.003819707959162
5.24793 3.8208871030266 0.0037825586689652
5.49185 3.8211245715698 0.0039726284563899
5.72792 3.8209040679843 0.0039625973467012
6 3.8208639203883 0.0039724593638645
6.24793 3.8210747705391 0.0040778246735888
6.49185 3.8210543948152 0.0038278807098034
6.74147 3.8216095380672 0.0038183597244575
7 3.8214771437408 0.0037115851515164
7.24793 3.8216732308865 0.0040438577282466
7.49985 3.8216087456607 0.0038394258292512
7.74819 3.8220529341962 0.0038979174172674
8 3.8220988289879 0.0038377466069647
8.24793 3.8229708432492 0.0036743675737845
8.49985 3.8230262903793 0.003819797931213
8.74819 3.8233676836055 0.0036700855592762
9 3.8244269929188 0.0039477568459378
9.24793 3.8250393797232 0.0036480143326738
9.49985 3.8258622967612 0.0040254949547974
9.74987 3.8264757483145 0.0036859184984719
10 3.8276355509158 0.0041120161218844
10.2491 3.8287906121201 0.0039038307386218
10.4998 3.8300781278127 0.0038951119430357
10.7499 3.8319218108254 0.0038268228668538
11 3.8345969721584 0.0037495191221722
11.2497 3.8372736557528 0.0040945260714656
11.4998 3.8405401681554 0.0041970647070939
11.7499 3.8433296722891 0.0039463061303686
12 3.8482622565822 0.0038649717312832
12.2497 3.8530702532897 0.0038477385399982
12.4998 3.8589547501209 0.0036113069767091
12.7499 3.8655279426021 0.003912529163128
13 3.8734203169676 0.0040440771510855
13.2499 3.8827592105547 0.0040540606664812
13.5 3.8938844510491 0.004427239780017
13.75 3.905632925177 0.0040482586843999
14 3.9193507828075 0.0038179666305268
14.2499 3.9357142089899 0.00393197715995
14.5 3.9535491576605 0.0039194424901955
14.75 3.9741272871168 0.0042048346352719
15 3.9984781663314 0.0041760189491487
15.25 4.0244846157761 0.0035555678883812
15.5 4.0532487895345 0.0048376198113317
15.75 4.0846852237764 0.005086460619031
16 4.1190310431502 0.0051718017245359
16.25 4.1565995912366 0.0056779581265721
16.5 4.1973607753292 0.0072204594202574
16.75 4.2406809462177 0.0056954119809624
17 4.2896633168953 0.0050086150150343
17.25 4.3372882298882 0.0052676468252658
17.5 4.3886489174436 0.006360016543983
17.75 4.4429705332551 0.0066153504588392
18 4.4998946405914 0.0060871967493227
18.25 4.5584148462655 0.0064940840298187
18.5 4.6212846063981 0.0066010218337961
18.75 4.6870600536024 0.0079147563833716
19 4.7484269258903 0.0073788635571941
19.25 4.8158578175866 0.0076373452469616
19.5 4.8850904669962 0.0078907776718041
19.75 4.9575771124349 0.0076283881767716
20 5.026163730451 0.008357201353562
20.25 5.0998708162511 0.0086566302552816
20.5 5.174806825236 0.0077993336850258
20.75 5.2498322983431 0.0094722194285076
21 5.328227279412 0.0092051526516996
21.25 5.4062115365958 0.0098271279847569
21.5 5.4888199749639 0.0084909471269232
21.75 5.5694080498535 0.010308539114317
22 5.6512887098486 0.010818070122393
22.25 5.7331042253302 0.012533329384894
22.5 5.8184583684488 0.010190225717676
22.75 5.9053864391087 0.0092122626482273
23 5.9923579382715 0.0095493448178493
23.25 6.0790903972245 0.009529645944442
23.5 6.1693060543999 0.0084339778915879
23.75 6.254382727351 0.0096537151614628
24 6.3511687682409 0.0090314969937677
24.25 6.4409095440208 0.0087550443245964
24.5 6.5333430701628 0.011131658585767
24.75 6.6294776442338 0.010815000487823
25 6.7316315522479 0.0072656718790552
25.25 6.8249567862383 0.011362944112865
25.5 6.9249097532756 0.011355497733033
25.75 7.0274314567508 0.0097281808739135
26 7.1252080604411 0.010679991490764
26.25 7.2255960596388 0.013035234748904
26.5 7.3280415040866 0.015573127982498
26.75 7.4401657077032 0.010224938579409
27 7.5473776752086 0.012511410829464
27.25 7.655749681236 0.018651121349024
27.5 7.7654540907179 0.014221474211763
27.75 7.8763292879053 0.016835750237217
28 7.9949951268899 0.020546592813844
