8  2.3502199 0.018751571 1.1218285e-05  0.82852717 1.7215959e-05
8  2.7924813 0.020783296 1.3494904e-05  0.82236434 1.7929268e-05
8  3.1239638 0.021985683 1.4703042e-05  0.81762867 1.9601122e-05
8  3.3906799 0.02196103 1.4748322e-05  0.81305985 1.9992711e-05
8  3.6427011 0.022523834 1.6116329e-05  0.80901629 2.1049713e-05
8          4 0.022237591 1.7558944e-05  0.80374978 2.2627812e-05
8  4.2089263 0.022655839 1.7320495e-05  0.80035641 2.2699383e-05
8  4.4756424 0.021906349 1.8597021e-05    0.796141 2.3231909e-05
8  4.7141801 0.021822219 1.9271551e-05  0.79251368 2.4581784e-05
8          5 0.021745046 2.0138661e-05  0.78826229 2.5877619e-05
8  5.2479275 0.021369248 2.1118481e-05  0.78452567 2.6226236e-05
8  5.4756424 0.021034419 2.2500036e-05  0.78122194 2.7176914e-05
8  5.7209534 0.020756201 2.3018487e-05  0.77761979 2.7295924e-05
8          6 0.020470448 2.3732623e-05  0.77364731 2.9033602e-05
8  6.2479275 0.020120768 2.3371741e-05  0.77013826 3.0247257e-05
8  6.4958495 0.019849922 2.5198347e-05  0.76673766 3.1226676e-05
8  6.7380567 0.019526102 2.5980733e-05  0.76343386 3.1058581e-05
8          7 0.01927333 2.7807564e-05  0.75991346 3.3527828e-05
8  7.2479275 0.018985242 2.7834858e-05  0.75665784 3.3207988e-05
8  7.4958495 0.01876348 2.9085806e-05  0.75343272 3.4880062e-05
8  7.7448299 0.01849884 2.9029463e-05   0.7502352 3.7547298e-05
8          8  0.0183539 3.090385e-05  0.74694223 3.7782947e-05
8  8.2479275 0.018134856 3.2799978e-05  0.74382828 3.8202569e-05
8  8.4998459 0.017990738 3.3104535e-05  0.74068131 4.0503482e-05
8  8.7490311 0.017853674 3.4094941e-05  0.73764591 4.1430031e-05
8          9 0.01761806 3.3362926e-05   0.7344649 4.4058359e-05
8  9.2485205 0.017514321 3.2627173e-05  0.73150089 4.6776153e-05
8  9.4998459 0.01743891 3.6451593e-05  0.72842565 4.701533e-05
8  9.7490311 0.017334243 3.8078444e-05  0.72541101 4.6595999e-05
8         10 0.017201322 4.0041881e-05  0.72249311 4.7947452e-05
8  10.248817 0.017179173 4.047649e-05  0.71950635 4.9886544e-05
8  10.499846 0.017095643 4.4369452e-05  0.71646859 5.3895256e-05
8  10.749869 0.017049817 4.4628229e-05  0.71356256 5.3068571e-05
8         11 0.017122627 4.5405211e-05  0.71056872 5.6724012e-05
8   11.24941 0.017090146 4.5471186e-05  0.70761794 5.6531592e-05
8  11.499846 0.017168471 4.856473e-05  0.70466164 5.8941009e-05
8  11.749869 0.017238539 4.8783764e-05  0.70169261 6.1714492e-05
8         12 0.017243658 5.075423e-05  0.69867525 6.1957641e-05
8   12.24978 0.017302587 5.3538524e-05  0.69571331 6.3623116e-05
8  12.499908 0.017375149 5.4846864e-05  0.69256761 6.3442005e-05
8  12.749922 0.017441411 5.3828621e-05  0.68955427 6.6425182e-05
8         13 0.017416242 5.8180377e-05  0.68654336 6.7075759e-05
8  13.249817 0.017458795 5.8869981e-05  0.68349443 7.0112831e-05
8  13.499908 0.017405536 5.9733782e-05  0.68042919 7.2616121e-05
8  13.749922 0.017457768 5.9542876e-05  0.67735523 7.5381505e-05
8         14 0.017394948 6.0065416e-05  0.67436039 7.8809074e-05
8   14.24991 0.017257721 6.5633776e-05  0.67132352 7.9949668e-05
8   14.49997 0.01727109 6.8865432e-05  0.66823777 7.9436497e-05
8  14.749974 0.017185248 6.7946759e-05  0.66513567 8.2551982e-05
8         15 0.017035306 7.0744532e-05  0.66219707 8.7256431e-05
8  15.249956 0.016902678 7.0963295e-05  0.65932169 9.0535993e-05
8  15.499978 0.016736606 7.3362514e-05  0.65622002 9.2174564e-05
8  15.749981 0.016412639 7.3789092e-05  0.65324746 9.0651537e-05
8         16 0.016268001 7.4488184e-05  0.65044461 9.6510832e-05
8  16.249979 0.016103028 7.4813306e-05   0.6475728 9.6650125e-05
8  16.499982 0.015750674 7.6336479e-05  0.64469972 9.8959566e-05
8  16.749984 0.015465086 7.66553e-05  0.64203195 0.00010564582
8         17 0.015313185 7.4426116e-05  0.63927507 0.00010208076
8  17.249991 0.015084985 7.9777284e-05  0.63660947 0.00010217197
8  17.499992 0.014987727 8.8152582e-05   0.6339814 0.00011326594
8  17.749992 0.014790459 8.9363674e-05  0.63138836 0.00010955232
8         18 0.014456618 8.4948159e-05  0.62877628 0.00011340016
8  18.249996 0.014448918 8.9417828e-05  0.62620218 0.00011850473
8  18.499997 0.014270525 9.5306004e-05  0.62343982 0.00012388985
8  18.749996 0.014037987 9.3101078e-05  0.62102664 0.00013122471
8         19 0.013824433 9.5125323e-05  0.61871829 0.00013234507
8  19.249999 0.013723177 9.6017805e-05  0.61603492 0.0001348931
8  19.499999 0.013544537 9.8445316e-05  0.61363306 0.00013629792
8  19.749998 0.013429948 0.00010971615  0.61134382 0.00014583603
8         20 0.01348002 0.00010731338   0.6090077 0.00014328698
8      20.25 0.013145635 0.00010947024  0.60654758 0.00014727064
8       20.5 0.013033063 0.00011034203  0.60400753 0.00014865477
8  20.749999  0.0130879 0.00011639399  0.60172787 0.0001655264
8         21 0.013000121 0.00011126583  0.59931489 0.00016841588
8      21.25 0.012885414 0.0001173134  0.59707825 0.00017768821
8       21.5 0.012706888 0.0001232968   0.5948045 0.00017462211
8      21.75 0.012841776 0.00013131363  0.59239985 0.00017665465
8         22 0.012682739 0.00012644046  0.59015418 0.00018482594
8      22.25 0.01267938 0.00013099407  0.58782069 0.00018058451
8       22.5 0.012784699 0.00013780649   0.5854985 0.00018341945
8      22.75 0.012633981 0.00014332241   0.5829786 0.00019180941
8         23 0.012712854 0.00014535738  0.58075429 0.00019739492
8      23.25 0.012678732 0.00015006171  0.57847815 0.00019893492
8       23.5 0.01275949 0.00014904611  0.57600039 0.00021323027
8      23.75 0.012812394 0.00015224336  0.57376759 0.00022349175
8         24 0.012810346 0.00015857559  0.57135256 0.00022563535
8      24.25 0.012978483 0.00015824902  0.56901405 0.00023400777
8       24.5 0.012932992 0.00016576445  0.56651138 0.00023508202
8      24.75 0.013083069 0.00017029478  0.56384381 0.00024806162
8         25 0.013322064 0.00017085857   0.5615596 0.00025119853
8      25.25 0.013486173 0.00017644918  0.55895882 0.00025383136
8       25.5 0.013828733 0.00017922477  0.55647209 0.00026155535
8      25.75 0.013928322 0.00018890541  0.55393312 0.00028249857
8         26 0.014249972 0.00019123195   0.5510609 0.00028555006
8      26.25 0.014535713 0.00019273813  0.54837601 0.00029120878
8       26.5 0.014819709 0.00020280513  0.54523093 0.00030947021
8      26.75 0.015374616 0.00021021079  0.54228465 0.00033027929
8         27 0.015657151 0.00020806927  0.53937587 0.00032881603
8      27.25 0.016454507 0.00019431526  0.53617675 0.00034140084
8       27.5 0.016803516 0.00022717186  0.53308413 0.00037608773
8      27.75 0.017070272 0.00021564666  0.52947153 0.00038760035
8         28 0.017463688 0.0002236735  0.52592432 0.00039640358
8      28.25 0.018164007 0.00021420603  0.52167951 0.00039545713
8       28.5 0.018888974 0.00022261064  0.51764791 0.00042231977
8      28.75 0.019518374 0.00022920228  0.51393491 0.00043022909
8         29 0.020105286 0.0002302277   0.5099945 0.00045577605
8      29.25 0.02059825 0.00022051138  0.50510184 0.00046810118
8       29.5 0.021028142 0.00022855047  0.50017566 0.00050256593
8      29.75 0.021576538 0.0002134086  0.49468372 0.00052639491
8         30 0.021991832 0.00021187686  0.48917538 0.00057081085
8      30.25 0.02141249 0.00019898599  0.48274991 0.00058001855
8       30.5 0.020855279 0.00018376534   0.4764035 0.0006349566
8      30.75 0.019472864 0.00017722556  0.46977594 0.00066159955
8         31 0.017769116 0.00017715772  0.46251906 0.00069649825
