8  2.3502199 0.00021328063 5.8969302e-06  0.90459065 1.1263893e-05
8  2.7924813 0.0021314263 6.7429141e-06  0.90445637 1.0893943e-05
8  3.1239638 0.0035539425 6.9666606e-06   0.9043839 1.2319432e-05
8  3.3906799 0.0040665899 7.8739297e-06   0.9026239 1.1678146e-05
8  3.6427011 0.0048121457 7.6482169e-06  0.90126144 1.1490138e-05
8          4 0.0039243751 8.6767208e-06  0.90164037 1.300259e-05
8  4.2089263 0.0053561365 8.8105928e-06  0.90024865 1.2294589e-05
8  4.4756424 0.0034606318 9.0856845e-06  0.89845062 1.3073894e-05
8  4.7141801 0.0035508031 9.2869761e-06  0.89816491 1.2947895e-05
8          5 0.0045178461 9.9736711e-06  0.89822015 1.3187388e-05
8  5.2479275 0.0038905601 9.3552843e-06   0.8969105 1.4102504e-05
8  5.4756424 0.0033201015 9.6489913e-06  0.89709185 1.4284089e-05
8  5.7209534 0.0036840572 9.5196659e-06  0.89605753 1.4202395e-05
8          6 0.0044343269 1.0366933e-05  0.89535854 1.4228171e-05
8  6.2479275 0.004124221 1.048903e-05   0.8945784 1.4462302e-05
8  6.4958495 0.0049841101 1.1137755e-05  0.89376508 1.5046959e-05
8  6.7380567 0.0049518737 1.0706608e-05    0.892944 1.5746317e-05
8          7 0.0053621094 1.1053767e-05  0.89205125 1.5445564e-05
8  7.2479275 0.0056867217 1.1761688e-05  0.89117175 1.584966e-05
8  7.4958495 0.0060377846 1.1843805e-05   0.8901573 1.6578848e-05
8  7.7448299 0.0064436453 1.2284236e-05  0.88907727 1.6874306e-05
8          8 0.0068619013 1.2574853e-05  0.88789221 1.7185674e-05
8  8.2479275 0.0072961739 1.2117346e-05  0.88665725 1.7846091e-05
8  8.4998459 0.0076470956 1.2898195e-05  0.88533117 1.8040471e-05
8  8.7490311 0.0079446643 1.3229282e-05  0.88391315 1.8276528e-05
8          9 0.0081879364 1.3610538e-05  0.88247757 1.8331274e-05
8  9.2485205 0.0083538462 1.3563458e-05  0.88098056 1.8817432e-05
8  9.4998459 0.0084538403 1.4508139e-05  0.87945284 1.9225313e-05
8  9.7490311 0.0084409827 1.5102603e-05  0.87794138 1.9780386e-05
8         10 0.008398457 1.4842065e-05  0.87641843 1.9714401e-05
8  10.248817 0.0082825068 1.4825208e-05    0.874926 1.9532306e-05
8  10.499846 0.0081446871 1.4950467e-05  0.87344064 2.1635837e-05
8  10.749869 0.0079912152 1.5567362e-05  0.87200713 2.2441869e-05
8         11 0.0077911284 1.6112169e-05  0.87060375 2.3310496e-05
8   11.24941 0.0076210927 1.5455887e-05  0.86922737 2.3741542e-05
8  11.499846 0.0074424282 1.6785142e-05  0.86785638 2.4367911e-05
8  11.749869 0.0073044977 1.7755747e-05  0.86650895 2.5267374e-05
8         12 0.0071663956 1.8144548e-05  0.86522306 2.5691467e-05
8   12.24978 0.0070807856 1.8542194e-05  0.86390845 2.5596011e-05
8  12.499908 0.0069803958 1.8564342e-05  0.86261906 2.6736558e-05
8  12.749922 0.0068872392 1.8363598e-05  0.86131164 2.7505686e-05
8         13 0.0068531605 1.8212394e-05  0.86002967 2.7345307e-05
8  13.249817 0.0068224966 1.7999883e-05  0.85868546 2.9351772e-05
8  13.499908 0.0068130035 1.8793139e-05  0.85736528 3.0408283e-05
8  13.749922 0.0068111979 1.8376702e-05  0.85604796 2.919612e-05
8         14 0.0068232651 1.8696136e-05  0.85469291 3.0541101e-05
8   14.24991 0.0067841191 1.9139185e-05  0.85328661 3.1687e-05
8   14.49997 0.0068001377 1.9149579e-05   0.8518596 3.3192509e-05
8  14.749974 0.0068392688 1.8480797e-05  0.85038203 3.455611e-05
8         15 0.0068622479 1.8303697e-05  0.84889085 3.5890379e-05
8  15.249956 0.0068304153 1.8498498e-05  0.84739814 3.7227041e-05
8  15.499978 0.0068051384 1.9780183e-05  0.84581372 3.7133313e-05
8  15.749981 0.0068174463 1.8200991e-05  0.84416347 3.7559518e-05
8         16 0.00678349 1.8916187e-05  0.84247119 3.9495136e-05
8  16.249979 0.0067507519 1.8777487e-05  0.84079855 3.9552148e-05
8  16.499982 0.0066666417 1.7189928e-05  0.83906404 4.2759747e-05
8  16.749984 0.0065694266 1.79568e-05  0.83715818 4.3438509e-05
8         17 0.0064765905 1.7819127e-05  0.83531178 4.609895e-05
8  17.249991 0.0063902311 1.6500492e-05  0.83344146 4.4329819e-05
8  17.499992 0.006286788 1.7483015e-05   0.8315624 4.5595216e-05
8  17.749992 0.006143794 1.6948417e-05  0.82962754 4.7435697e-05
8         18 0.0060022496 1.5800466e-05  0.82763242 4.96792e-05
8  18.249996 0.005892633 1.6074425e-05  0.82565901 4.9247262e-05
8  18.499997 0.0057889446 1.6791813e-05  0.82367215 4.9860734e-05
8  18.749996 0.0057064811 1.753704e-05  0.82160708 5.2455369e-05
8         19 0.0055825691 1.7312692e-05  0.81965954  5.304e-05
8  19.249999 0.0055022573 1.6027192e-05  0.81763515 5.344263e-05
8  19.499999 0.005462864 1.5694887e-05  0.81562927 5.4417354e-05
8  19.749998 0.0053495343 1.6330696e-05   0.8135388 5.6570033e-05
8         20 0.0053204691 1.5157481e-05  0.81155186 5.712601e-05
8      20.25 0.0052601477 1.642899e-05    0.809503 5.8091317e-05
8       20.5 0.005186427 1.5787136e-05  0.80735123 5.7685977e-05
8  20.749999 0.0051402143 1.6364282e-05  0.80538215 6.2486524e-05
8         21 0.0050954647 1.6744506e-05  0.80330956 6.4149482e-05
8      21.25 0.0050392824 1.6391927e-05  0.80127855 6.8010588e-05
8       21.5 0.004970534 1.5967135e-05  0.79933496 6.5152591e-05
8      21.75 0.0049657861 1.7216712e-05  0.79723042 7.0308385e-05
8         22 0.0048699112 1.6651584e-05  0.79524827 7.3117564e-05
8      22.25 0.0048375318 1.6478638e-05  0.79325051 7.0822045e-05
8       22.5 0.0048174994 1.649473e-05  0.79119675 7.1566154e-05
8      22.75 0.0047598931 1.7612351e-05  0.78913123 7.3655541e-05
8         23 0.0047338698 1.7035069e-05   0.7872695 7.6744955e-05
8      23.25 0.0047051732 1.8241684e-05  0.78524402 7.4845238e-05
8       23.5 0.0046601125 1.8060501e-05  0.78327293 7.5989483e-05
8      23.75 0.0046194412 1.9397302e-05   0.7812659 7.979355e-05
8         24 0.0046171385 1.8634735e-05  0.77928336 8.1102246e-05
8      24.25 0.0045792805 1.7375261e-05  0.77729772 8.03259e-05
8       24.5 0.0045415504 1.7180205e-05  0.77531488 8.4454802e-05
8      24.75 0.0045101817 1.8300952e-05  0.77330971 8.6724127e-05
8         25 0.0045031178 1.7290314e-05  0.77138693 8.7270994e-05
8      25.25 0.0044646532 1.8693489e-05  0.76942362 8.8236376e-05
8       25.5 0.0044694227 1.9603728e-05  0.76752188 8.8710089e-05
8      25.75 0.0044390582 2.0365713e-05  0.76556684 8.8591422e-05
8         26 0.0044443028 1.9892012e-05  0.76355772 9.3966317e-05
8      26.25 0.0044379507 2.1062316e-05  0.76166289 9.6523913e-05
8       26.5 0.0044707832 2.1075394e-05   0.7596254 9.4966377e-05
8      26.75 0.0044575069 2.0545602e-05  0.75769682 9.6799803e-05
8         27 0.0044515973 2.1312494e-05  0.75573368 0.00010013654
8      27.25 0.0045109993 2.0251451e-05  0.75377845 0.00010154724
8       27.5 0.0044960841 2.0761953e-05  0.75175535 9.9607528e-05
8      27.75 0.0045059722 2.1141911e-05  0.74984964 0.00010777926
8         28 0.0045297553 2.0603411e-05  0.74787314 0.00010985964
8      28.25 0.0045602538 2.1034098e-05  0.74579128 0.00011084102
8       28.5 0.0045432389 2.1516763e-05  0.74383748 0.00010837993
8      28.75 0.0045772094 2.1052287e-05  0.74191412 0.00011259078
8         29 0.0046083767 2.1742507e-05  0.73991889 0.00011289746
