4  1.7924813 -0.0038257021 8.5134173e-06 0.91025671 1.0063398e-05
4  2.2924813 0.0012695624 1.0014753e-05 0.90956445 1.040476e-05
4  2.5849625 0.00070907271 1.2059058e-05 0.91028094 1.1160765e-05
4  2.8906799 0.0027824799 1.2073909e-05 0.90921204 1.0886607e-05
4  3.1427011 0.0050536486 1.2737424e-05 0.90969518 1.1544993e-05
4        3.5 0.0024862685 1.4700616e-05 0.90712545 1.1458191e-05
4  3.7089263 0.0058270333 1.4715075e-05 0.90638761 1.2097639e-05
4  3.9594316 0.0046730808 1.4794904e-05  0.9070037 1.1891692e-05
4  4.2004397 0.0036818827 1.5582392e-05 0.90580602 1.1926891e-05
4        4.5 0.0044920856 1.5790856e-05 0.90399636 1.2202687e-05
4  4.7479275 0.00397415 1.6486852e-05 0.90383766 1.2051246e-05
4  4.9756424 0.0013828417 1.6338058e-05 0.90397004 1.2242415e-05
4  5.2141801 0.0025068735 1.5840593e-05 0.90290842 1.2617173e-05
4        5.5 0.0036058362 1.7935964e-05 0.90300741 1.3879801e-05
4  5.7479275 0.0028192628 1.7070875e-05 0.90198155 1.3369532e-05
4  5.9918531 0.0042380115 1.7473195e-05 0.90149638 1.3950205e-05
4  6.2346937 0.0037886738 1.6158076e-05 0.90081838 1.4273445e-05
4        6.5 0.0042245285 1.8468741e-05 0.90007522 1.4261478e-05
4  6.7479275 0.0042959983 1.9319935e-05 0.89933437 1.4434076e-05
4  6.9958495 0.0045541201 1.9148667e-05 0.89855927 1.4667301e-05
4  7.2448299 0.0048644208 1.8977804e-05 0.89780685 1.4869321e-05
4        7.5 0.0052342239 2.0044264e-05 0.89691076 1.557077e-05
4  7.7479275 0.0057250203 2.0561005e-05 0.89595438 1.5748385e-05
4  7.9998459 0.0061059233 2.0496844e-05  0.8949115 1.6131298e-05
4  8.2481928 0.0064745878 2.1243434e-05 0.89381986 1.5780655e-05
4        8.5 0.0067841916 2.1161742e-05 0.89266947 1.6361384e-05
4  8.7479275 0.007079786 2.1255307e-05 0.89145729 1.610699e-05
4  8.9998459 0.0073301119 2.2469735e-05 0.89019903 1.6811645e-05
4  9.2490311 0.0074118058 2.1771596e-05 0.88889711 1.8263464e-05
4        9.5 0.0074749709 2.4396e-05 0.88757713 1.8624245e-05
4  9.7485205 0.0074097546 2.4557894e-05 0.88630493 1.8436029e-05
4  9.9998459 0.0072471222 2.6446907e-05 0.88500553 1.9023323e-05
4  10.249869 0.0070947783 2.6345073e-05 0.88374463 1.9089601e-05
4       10.5 0.0069132602 2.7511514e-05 0.88254132 1.965693e-05
4   10.74941 0.0066270448 2.663552e-05 0.88136981 1.9821615e-05
4  10.999846 0.0064668591 2.8114708e-05 0.88020084 2.0949652e-05
4  11.249869 0.0062517281 2.7574979e-05 0.87913875 2.1193738e-05
4       11.5 0.0060439696 2.9279035e-05 0.87804628 2.1369422e-05
4  11.749706 0.0058901913 2.9674378e-05 0.87702233 2.3092061e-05
4  11.999846 0.0056796832 3.0654773e-05 0.87599878 2.390214e-05
4  12.249869 0.0055513424 3.3262246e-05 0.87504339 2.3782623e-05
4       12.5 0.0053889013 3.2891796e-05 0.87409683 2.4765081e-05
4   12.74978 0.0053098632 3.4713051e-05 0.87316131 2.5511714e-05
4  12.999908 0.0052024408 3.2628422e-05 0.87225033 2.4446444e-05
4  13.249922 0.0051452226 3.6355218e-05  0.8713496 2.6329782e-05
4       13.5 0.0050839622 3.3285901e-05 0.87047748 2.6556388e-05
4  13.749891 0.0050163454 3.7036967e-05 0.86958084 2.6449199e-05
4   13.99997 0.0049886648 3.6646001e-05 0.86871216 2.6864941e-05
4  14.249974 0.0048856322 3.778852e-05 0.86785801 2.751234e-05
4       14.5 0.0048178044 3.8526709e-05 0.86700479 2.7713668e-05
4  14.749947 0.0048065449 4.0235676e-05 0.86617908 2.8432684e-05
4   14.99997 0.0047700231 4.1884736e-05 0.86535723 2.8576121e-05
4  15.249974 0.0048405403 4.030197e-05 0.86451029 3.0977658e-05
4       15.5 0.0048844189 4.0612799e-05 0.86368183 3.0557405e-05
4  15.749975 0.0048946783 4.2927924e-05 0.86280618 2.99441e-05
4  15.999978 0.0049018341 4.4905442e-05 0.86195304 3.1095657e-05
4  16.249981 0.0048937644 4.3848718e-05  0.8610981 3.035963e-05
4       16.5 0.0049459171 4.1975919e-05 0.86026379 3.1914593e-05
4  16.749988 0.0049947726 4.6118157e-05 0.85939273 3.2323236e-05
4   16.99999 0.0050173775 4.5233193e-05 0.85850216 3.2657498e-05
4  17.249991 0.0049993551 4.564095e-05 0.85761199 3.4850173e-05
4       17.5 0.004968699 4.7882288e-05 0.85676076 3.4411191e-05
4  17.749995 0.0049559461 4.9724454e-05 0.85590096 3.5661438e-05
4  17.999996 0.0050223484 5.2823314e-05 0.85503041 3.6555479e-05
4  18.249995 0.0051247311 5.4786774e-05 0.85414765 3.7112653e-05
4       18.5 0.0050740654 5.2187677e-05 0.85324841 3.8708439e-05
4  18.749999 0.0052111646 5.1503717e-05 0.85231522 4.135508e-05
4  18.999999 0.0052192634 5.5016886e-05 0.85147832 4.2498028e-05
4  19.249998 0.0051452148 5.731229e-05 0.85049744 4.0280012e-05
4       19.5 0.0051577123 5.8187801e-05 0.84959031 4.2028813e-05
4      19.75 0.0051084819 5.6003877e-05 0.84870665 4.0672554e-05
4         20 0.0050914195 5.63378e-05 0.84785865 4.1653429e-05
4  20.249999 0.005080229 5.8151472e-05 0.84690949 4.3558648e-05
4       20.5 0.005187696 5.7948953e-05 0.84601153 4.5751874e-05
4      20.75 0.0050925016 5.9752316e-05 0.84513281 4.4922916e-05
4         21 0.00505253 6.1878327e-05   0.844206 4.6128961e-05
4      21.25 0.0050209563 6.305102e-05  0.8433204 4.5561384e-05
4       21.5 0.0050012338 6.638464e-05 0.84244708 4.5969606e-05
4      21.75 0.005055156 6.5563338e-05 0.84158697 4.7196735e-05
4         22 0.0050388877 6.3792133e-05 0.84066997 5.0380682e-05
4      22.25 0.0052134954 6.6840855e-05 0.83974187 5.0850259e-05
4       22.5 0.0051797705 6.6741157e-05 0.83887563 5.0525764e-05
4      22.75 0.0051068479 7.0710861e-05 0.83788655 5.4270309e-05
4         23 0.0052726065 7.0212886e-05 0.83698809 5.2279706e-05
4      23.25 0.0051622712 7.120962e-05 0.83610619 5.6506606e-05
4       23.5 0.0052313984 7.0416067e-05 0.83511555 5.8642451e-05
4      23.75 0.0053066784 7.5815388e-05 0.83419834 5.880987e-05
4         24 0.005377939 7.5113689e-05 0.83324333 5.7377877e-05
4      24.25 0.0052926351 7.5865888e-05 0.83229992 5.9451538e-05
4       24.5 0.0052999664 7.6805018e-05 0.83124894 5.9231844e-05
4      24.75 0.0053142174 7.9955626e-05 0.83038464 5.9568012e-05
4         25 0.0051790951 8.2601564e-05 0.82941463 6.3347382e-05
4      25.25 0.0053283658 8.2460023e-05 0.82845063 6.2756431e-05
4       25.5 0.0055291855 8.0686905e-05 0.82748624 6.2372031e-05
4      25.75 0.0055577605 8.3397559e-05 0.82650209 6.3575805e-05
4         26 0.0055908781 8.5823792e-05 0.82537137 6.4241536e-05
4      26.25 0.0056425996 8.8707412e-05 0.82437206 6.6770026e-05
4       26.5 0.0056774536 9.0276658e-05 0.82336785 7.014666e-05
4      26.75 0.0056861187 8.4936971e-05 0.82232838 6.987118e-05
4         27 0.005728199 9.3043179e-05 0.82115066 6.7657249e-05
4      27.25 0.0059325445 9.5664917e-05 0.82012488 7.0133738e-05
4       27.5 0.0058722596 9.5219397e-05 0.81906725 7.0342081e-05
4      27.75 0.0060195931 9.1380345e-05 0.81784749 7.6248744e-05
4         28 0.0063486221 9.0165049e-05 0.81668567 7.9862213e-05
4      28.25 0.0064743206 9.9868614e-05 0.81551705 8.1331502e-05
4       28.5 0.0065984487 9.9820314e-05 0.81416898 8.5307395e-05
4      28.75 0.0067743255 9.2547888e-05 0.81280644 8.8478292e-05
4         29 0.0068216399 9.8191742e-05 0.81149936 8.7330759e-05
4      29.25 0.0068846571 9.7783637e-05 0.81013677 8.511055e-05
4       29.5 0.0071857027 9.8428614e-05 0.80868319 9.293852e-05
4      29.75 0.0073663237 9.9275659e-05   0.807193 9.3200427e-05
4         30 0.0074470986 9.8443075e-05  0.8055482 9.4009955e-05
4      30.25 0.0077504352 0.00010098115 0.80393009 9.6605142e-05
4       30.5 0.0077777943 9.5735704e-05 0.80228446 0.00010363259
4      30.75 0.0078895186 0.00010102253 0.80037373 0.00010542621
4         31 0.0080304179 9.8350488e-05 0.79851761 0.00010062347
4      31.25 0.0079242807 9.8973463e-05 0.79657735 0.00011252291
4       31.5 0.0078633911 8.6846434e-05 0.79453076 0.0001163098
4      31.75 0.0075830953 8.7911346e-05  0.7923807 0.00012363011
4         32 0.0072810204 8.0339072e-05 0.79018329 0.00012215232
4      32.25 0.0069398501 8.3537204e-05 0.78807656 0.00012584271
4       32.5 0.0064342497 7.7314024e-05 0.78578632 0.0001274083
