8  2.3502199 0.00059985892 6.1033702e-06  0.90050318 1.1850797e-05
8  2.7924813 0.0025084258 7.1563052e-06   0.9002494 1.1377943e-05
8  3.1239638 0.0039940417 7.4523611e-06  0.90007682 1.2486944e-05
8  3.3906799 0.004483123 7.9515527e-06  0.89825246 1.2365908e-05
8  3.6427011 0.0052507687 8.2121795e-06  0.89682846 1.2355992e-05
8          4 0.0044142647 8.786655e-06  0.89708022 1.3585316e-05
8  4.2089263 0.0058473885 8.9394696e-06  0.89560804 1.2777707e-05
8  4.4756424 0.0040119236 9.2559737e-06   0.8937676 1.3370957e-05
8  4.7141801 0.004119589 9.2077525e-06  0.89337164 1.3449205e-05
8          5 0.0051143012 8.9445497e-06  0.89330113 1.406141e-05
8  5.2479275 0.0045145695 9.6107674e-06  0.89187385 1.4761218e-05
8  5.4756424 0.0039892493 9.2636842e-06  0.89192088 1.4412252e-05
8  5.7209534 0.0043755413 9.7566224e-06  0.89077216 1.4796829e-05
8          6 0.0051759112 1.0385065e-05  0.88991603 1.5263908e-05
8  6.2479275 0.0048810578 1.0715652e-05  0.88897752 1.5471365e-05
8  6.4958495 0.0057593211 1.0288981e-05  0.88804267 1.5620678e-05
8  6.7380567 0.0057917277 1.062824e-05  0.88704779 1.5735825e-05
8          7 0.0062560124 1.0855858e-05  0.88592739 1.7117576e-05
8  7.2479275 0.0066287876 1.1208539e-05  0.88487432 1.7058732e-05
8  7.4958495 0.0070629054 1.0703548e-05  0.88362014 1.720924e-05
8  7.7448299 0.0074874358 1.1010231e-05  0.88226594 1.8251241e-05
8          8 0.007917958 1.1284091e-05  0.88076481 1.803329e-05
8  8.2479275 0.0083667569 1.1147624e-05   0.8791885 1.9649066e-05
8  8.4998459 0.0087028396 1.1990293e-05  0.87747293 1.9435142e-05
8  8.7490311 0.0089861107 1.1558206e-05  0.87566977 2.083908e-05
8          9 0.0091756751 1.1515462e-05  0.87378151 2.1622218e-05
8  9.2485205 0.0092534289 1.184919e-05  0.87183131 2.1408334e-05
8  9.4998459 0.0092614242 1.1511881e-05   0.8697811 2.203339e-05
8  9.7490311 0.0091652368 1.1479736e-05  0.86767076 2.1392423e-05
8         10 0.0090112156 1.1920103e-05   0.8655338 2.3387795e-05
8  10.248817 0.008807072 1.1552578e-05  0.86342746 2.4751557e-05
8  10.499846 0.0085420725 1.2014811e-05  0.86125316 2.4693053e-05
8  10.749869 0.0082376452 1.0959164e-05  0.85912195 2.6194711e-05
8         11 0.0079231019 1.0687231e-05  0.85698854 2.6965329e-05
8   11.24941 0.0076347583 1.0496814e-05  0.85484757 2.791449e-05
8  11.499846 0.0073196506 1.0704639e-05  0.85272203 2.8681971e-05
8  11.749869 0.0070426979 1.0451714e-05  0.85059923 2.9730357e-05
8         12 0.006777539 1.0418083e-05  0.84850695 3.0525663e-05
8   12.24978 0.0065266899 1.0745012e-05   0.8464022 3.1512174e-05
8  12.499908 0.0063004406 1.1229632e-05  0.84433553 3.1547181e-05
8  12.749922 0.0060705419 1.1283865e-05  0.84226448 3.2682664e-05
8         13 0.0058846926 1.0907916e-05  0.84021099 3.3611145e-05
8  13.249817 0.0057074553 1.0578098e-05  0.83815962 3.4202036e-05
8  13.499908 0.0055635547 1.0902275e-05   0.8361242 3.6353762e-05
8  13.749922 0.0054072279 1.0973545e-05  0.83415932 3.8299134e-05
8         14 0.005294094 1.1466189e-05  0.83215982 3.8933592e-05
8   14.24991 0.0051718032 1.1072865e-05  0.83017317 3.9264523e-05
8   14.49997 0.0050657201 1.1603837e-05  0.82818361 4.0195256e-05
8  14.749974 0.0050072011 1.1749387e-05    0.826276 4.0724044e-05
8         15 0.0049429746 1.1162471e-05  0.82429883 4.3043809e-05
8  15.249956 0.0048720361 1.1821005e-05  0.82239242 4.2914385e-05
8  15.499978 0.0048025015 1.2203035e-05  0.82049124 4.4023453e-05
8  15.749981 0.0047749203 1.1320628e-05  0.81854621 4.5265591e-05
8         16 0.0047289581 1.2124372e-05  0.81661001 4.6968154e-05
8  16.249979 0.0046985838 1.1689366e-05  0.81473305 4.7921886e-05
8  16.499982 0.0046850294 1.0894895e-05  0.81287151 4.7791241e-05
8  16.749984 0.0046494471 1.1249513e-05  0.81097744 4.7290968e-05
8         17 0.004633541 1.1856963e-05  0.80908668 4.8911546e-05
8  17.249991 0.0046055278 1.1528814e-05  0.80723127 4.9952947e-05
8  17.499992 0.0046130467 1.2841668e-05   0.8053381 4.9628396e-05
8  17.749992 0.0046091398 1.3142491e-05  0.80348145 5.1922871e-05
8         18 0.0046084434 1.3440597e-05  0.80157814 5.1354365e-05
8  18.249996 0.0046187637 1.3535865e-05  0.79978035 5.2763098e-05
8  18.499997 0.0045778053 1.2772298e-05  0.79788812 5.3676275e-05
8  18.749996 0.0045804851 1.3532137e-05  0.79600488 5.5134383e-05
8         19 0.0045658158 1.3393608e-05  0.79411832 5.7527421e-05
8  19.249999 0.0045789495 1.3786843e-05  0.79223412 5.7956186e-05
8  19.499999 0.0045748622 1.4437455e-05  0.79048068 5.7297082e-05
8  19.749998 0.0045625522 1.5186294e-05  0.78862406 6.0807191e-05
8         20 0.0045626551 1.5078987e-05  0.78677846 6.116346e-05
8      20.25 0.0045456027 1.5742786e-05  0.78494882 6.3041411e-05
8       20.5 0.0045585919 1.5746032e-05   0.7830816 6.5736763e-05
8  20.749999 0.0045465202 1.5765055e-05  0.78125018 6.4237213e-05
8         21 0.0045435444 1.5788754e-05  0.77937562 6.6142227e-05
8      21.25 0.0045278071 1.6480268e-05   0.7775586 6.7963937e-05
8       21.5 0.0045030021 1.6221535e-05  0.77577468 6.932133e-05
8      21.75 0.004493642 1.6341933e-05  0.77396859 7.2197641e-05
8         22 0.0044984941 1.5798976e-05  0.77214388 6.9114388e-05
8      22.25 0.0044922495 1.669918e-05   0.7703756 7.2704638e-05
8       22.5 0.0045078995 1.6799792e-05  0.76859855 7.2797813e-05
8      22.75 0.0045145482 1.7578153e-05  0.76680703 7.5533183e-05
8         23 0.0045204807 1.7755344e-05  0.76492655 7.4465844e-05
8      23.25 0.0045040108 1.8847143e-05  0.76313838 7.6186928e-05
8       23.5 0.0045239067 1.8692583e-05  0.76131256 7.6771598e-05
8      23.75 0.0045388434 1.9051161e-05  0.75949305 7.8556499e-05
8         24 0.0045228644 1.7876852e-05  0.75765685 8.0819092e-05
8      24.25 0.0045138446 1.6820763e-05  0.75594803 8.2265211e-05
8       24.5 0.0045300903 1.8710343e-05  0.75411378 8.3544118e-05
8      24.75 0.0045237132 1.8763569e-05  0.75228057 8.5855649e-05
8         25 0.0045097509 1.9510607e-05  0.75045706 8.6611372e-05
8      25.25 0.0045297985 1.9834774e-05  0.74870292 8.5266584e-05
8       25.5 0.0045562049 1.9855563e-05  0.74683016 8.5651391e-05
8      25.75 0.0045570796 2.044278e-05   0.7450356 8.5513445e-05
8         26 0.0045443985 1.9889532e-05  0.74324823 8.7667305e-05
8      26.25 0.0045610949 2.0472482e-05  0.74147911 9.110942e-05
8       26.5 0.004550256 2.1605851e-05  0.73956426 9.1201624e-05
8      26.75 0.0045623727 2.192691e-05  0.73773165 8.9841198e-05
8         27 0.0045947494 2.2132671e-05  0.73595168 9.0667185e-05
8      27.25 0.00459873 2.1186699e-05  0.73414703 9.7073383e-05
8       27.5 0.0045894668 2.2426261e-05  0.73231153 9.701775e-05
8      27.75 0.0046105841 2.2957759e-05  0.73048069 0.00010222887
8         28 0.0046136046 2.2673111e-05  0.72859226 0.00010219048
8      28.25 0.004622589 2.5421087e-05  0.72681243 0.00010106205
8       28.5 0.0046057323 2.3929724e-05  0.72492906 0.00010290943
8      28.75 0.0046685184 2.4587635e-05  0.72303084 0.00010591113
8         29 0.004622068 2.4447683e-05  0.72124276 0.00010676173
