0  
2.58496  
4  
5.08746  
5.58496  
4.32193  
0 0.36910283366075 0.065155303228684
1 1.1054695516365 0.0074349676380345
1.58496 1.1658676543081 0.0054114795869579
2 1.2355663050925 0.0060021253640677
2.32193 1.0975041151003 0.0079806025268594
2.58496 1.2969143204535 0.0041065094017794
3 1.2786399475402 0.0094216266200073
3.16993 1.2289339080066 0.0047540742578322
3.45943 1.1024559494831 0.0092045313804929
3.70044 1.0879509947536 0.0089593315203527
4 1.3141781349469 0.0081988828326031
4.24793 1.1111305996524 0.0084019721309125
4.45943 1.2183117141067 0.0053167795041864
4.70044 1.2271180634697 0.0067201300674274
5 1.3269820634475 0.006344089997291
5.24793 1.2289004331951 0.0051859291314016
5.49185 1.3198118585079 0.0033290625604574
5.72792 1.1580951986605 0.0081232725403353
6 1.3587847116008 0.00711365656793
6.24793 1.3352292079222 0.0055468770807901
6.49185 1.4197141596123 0.0030709907223662
6.74147 1.2034233432476 0.0080902208907513
7 1.3477144967387 0.0072675804594476
7.24793 1.3533609950995 0.0056619642882917
7.49985 1.3007685839113 0.0050261688574215
7.74819 1.2759826582729 0.0064144268533684
8 1.4584831841662 0.0052895720508142
8.24793 1.3924153523578 0.0035704908885263
8.49985 1.3333161262036 0.0024164869935369
8.74819 1.3655144816051 0.0014065480020184
9 1.3736568545781 0.0017316741910994
9.24793 1.3783524817671 0.00092872920421645
9.49985 1.3916484274645 0.0020743847859901
9.74987 1.3831488502831 0.00104594199566
10 1.4060252771821 0.0025077776080245
10.2491 1.4063684534552 0.00042378059394601
10.4998 1.4241118343018 0.0021755159254224
10.7499 1.4372543784839 0.002925443671884
11 1.4483835091667 0.00081407820678841
11.2497 1.461580842118 0.0017414000229485
11.4998 1.4743767915984 0.0014045288659374
11.7499 1.4898445444966 0.0029556458902566
12 1.5009296190648 0.0021791000876572
12.2497 1.5168102976517 0.0034242291726588
12.4998 1.5313517452983 0.0027831975485457
12.7499 1.5447678922012 0.0032376738965311
13 1.5599692786252 0.00153670178394
13.2499 1.5750605372486 0.0020709595695255
13.5 1.5877240752814 0.0022158716237324
13.75 1.6041926068177 0.0015778712732253
14 1.6191628397897 0.0017443204379315
14.2499 1.6346100571291 0.00015448365615703
14.5 1.6484041533232 0.0030894650669779
14.75 1.6650959972748 0.002631218991156
15 1.6799023054003 0.00084525776549819
15.25 1.6953537489408 0.00092197259874632
15.5 1.7129455369677 0.0016307742513314
15.75 1.7291741895803 0.003278533619319
16 1.7466199968397 0.00028595432398072
16.25 1.7641196076427 0.0015585898677826
16.5 1.7808618672146 0.0027019035469077
16.75 1.7971547567885 0.0030611775372913
17 1.8172761483011 0.0034525125565908
17.25 1.8351211936292 0.0036674462627583
17.5 1.8543539566294 0.0050703186961966
17.75 1.8737375187768 0.0047674894353884
18 1.8935559675781 0.0047812979617227
18.25 1.9127230374396 0.0035980414953166
18.5 1.93272971864 0.004567345207434
18.75 1.9548658714517 0.0054770265248244
19 1.9727622212772 0.0028570503151706
19.25 1.9957857179613 0.003593396662414
19.5 2.0155267834974 0.0036630214446767
19.75 2.0377349958152 0.010695149754196
20 2.0575019927443 0.0084698291531373
20.25 2.0815741279504 0.008551803744042
20.5 2.1069338716948 0.010986033141505
20.75 2.1301720007425 0.011668941268342
21 2.150334699222 0.01212026682391
21.25 2.1769580443981 0.01414562148992
21.5 2.201657545444 0.011498434306678
21.75 2.2304387381882 0.013272782256887
22 2.2494296403188 0.012434648736916
22.25 2.2804002816488 0.013897120246388
22.5 2.3041840945405 0.011360543137874
22.75 2.3348781557796 0.013850958011675
23 2.3697210897764 0.016691934011057
23.25 2.3938160025654 0.014430336671686
23.5 2.4237195563123 0.021958543721983
23.75 2.4433270962344 0.023391661047681
24 2.4688721968751 0.019267919779069
24.25 2.5050667541395 0.020263753011746
24.5 2.5382417246378 0.01272246508323
24.75 2.5749120818368 0.016530831990987
25 2.5980297058802 0.017342839475695
25.25 2.64029751152 0.013518625210611
25.5 2.677292894266 0.01350611663909
25.75 2.7117834621441 0.015331943555884
26 2.7440126316318 0.015629173452244
26.25 2.7825540466756 0.021763724084741
26.5 2.8233252958272 0.021832060332668
26.75 2.8676973360103 0.01687701704567
27 2.9114791863996 0.019361967063727
27.25 2.9493738283001 0.022738816857659
27.5 2.9936486504763 0.017848969710096
27.75 3.0501140904576 0.01831038780036
28 3.1057256765286 0.016672245998781
28.25 3.1502959105303 0.014111377524709
28.5 3.2059265742722 0.013427907498328
28.75 3.2597480552918 0.005074762303045
29 3.3254571716085 0.005762430046717
29.25 3.3895485688236 0.011190580358196
29.5 3.4453995255655 0.0099829789135884
29.75 3.5205493311791 0.0084299889652864
30 3.5888216885196 0.011529890267938
30.25 3.6631064164414 0.016050874369689
30.5 3.7228214700334 0.0027729660644134
30.75 3.8104213339389 0.0052848288052208
