0  
2.58496  
4  
5.08746  
5.58496  
4.32193  
0 0.27080139052226 0.05982533016077
1 1.0960917898214 0.036346576794253
1.58496 1.1635544206309 0.0058439569358142
2 1.2322660771592 0.0049588779163299
2.32193 1.1085291041599 0.0069613631919041
2.58496 1.2920388406728 0.0032439210058171
3 1.279303825199 0.0084508021540717
3.16993 1.2322497051366 0.0043326223731978
3.45943 1.117715408137 0.0038551787177411
3.70044 1.1058582893688 0.005290808386729
4 1.3184527785055 0.0066404115935188
4.24793 1.1312395750503 0.0048079064657431
4.45943 1.2295195344289 0.016583156610803
4.70044 1.2397001214915 0.0074851057047486
5 1.338444922264 0.0055213225885319
5.24793 1.2457187394874 0.0058147497340976
5.49185 1.3324524062206 0.0062077795918535
5.72792 1.1877186444891 0.0053825729935443
6 1.3747213555078 0.0061158355782557
6.24793 1.3556038750962 0.0046074971673183
6.49185 1.4364608640377 0.0042243537562159
6.74147 1.2439241731714 0.0044059235578464
7 1.3768409690938 0.00527744288949
7.24793 1.3831268685525 0.0054273762326431
7.49985 1.3378573605304 0.0052224733054929
7.74819 1.3197040264476 0.0044991357966884
8 1.486695841394 0.0070799115575844
8.24793 1.4323298846422 0.004479586764111
8.49985 1.3865260728248 0.0046475201060142
8.74819 1.4217153722298 0.0037603314617224
9 1.4326866309816 0.0042739389942407
9.24793 1.4442413661895 0.0048804824353699
9.49985 1.4617247310749 0.0037727071003835
9.74987 1.4619000148426 0.0024431124359281
10 1.487941939423 0.0027066207373363
10.2491 1.4985105900498 0.0030829308095425
10.4998 1.5220349588712 0.0028778108890238
10.7499 1.540013610626 0.0016960468395621
11 1.5601391888514 0.0022751375613816
11.2497 1.5787771239935 0.0025001646231069
11.4998 1.5991202861525 0.0034043396251684
11.7499 1.6213939700619 0.0018692698201501
12 1.6401348751769 0.001522996755002
12.2497 1.663211996144 0.0036480864681894
12.4998 1.682865781838 0.0029361640249179
12.7499 1.7030567100913 0.0051707216235959
13 1.7230680429992 0.0048898209355196
13.2499 1.7410066909132 0.0029494446581239
13.5 1.7642678045912 0.004911685933192
13.75 1.7824975854429 0.0036620922267696
14 1.8002869619931 0.0015568642377368
14.2499 1.8210852605161 0.0028024959733572
14.5 1.8384772086407 0.0030937420565381
14.75 1.8582906253911 0.0025120467202281
15 1.8752179813635 0.0013994371652063
15.25 1.891579154363 0.0017451100525854
15.5 1.9125546091241 0.0028483224983962
15.75 1.9281160445675 0.0040590308020789
16 1.943556012004 0.001101865433694
16.25 1.9634830611551 0.0027997611404735
16.5 1.9796668077814 0.0035606197166276
16.75 2.0008553556665 0.0024719024940702
17 2.0144267964196 0.0041531238593842
17.25 2.034048044637 0.0020779295911432
17.5 2.0523236595526 0.0035434361130117
17.75 2.0696372766732 0.0038302352905626
18 2.0878474851321 0.0053341422267448
18.25 2.1058294886698 0.0044227634804193
18.5 2.1240113195887 0.0048482815215636
18.75 2.1436977412433 0.00261708281222
19 2.1626766030824 0.001893262257632
19.25 2.179433786954 0.0014246006280345
19.5 2.1984142905639 0.003568306098118
19.75 2.2171438305023 0.0044253661776964
20 2.2334783966348 0.003427275911591
20.25 2.2512157465909 0.0021449968990238
20.5 2.2714152256404 0.0021778617214352
20.75 2.2902395596508 0.001743725375745
21 2.3093940455626 0.0035199761401206
21.25 2.3307797344395 0.003336090301951
21.5 2.3457725843049 0.0031489194328246
21.75 2.3653720853701 0.0023731297908609
22 2.3877450057721 0.0014505606228552
22.25 2.4070484753223 0.0028031943517121
22.5 2.4301225863336 0.003684306094255
22.75 2.4494479668446 0.0011449195798581
23 2.4720273693041 0.0033924684939202
23.25 2.4922968565427 0.0012502736634667
23.5 2.5142656176132 0.0012262512035666
23.75 2.5334026307855 0.0017102398365687
24 2.560267752258 0.0025648503557093
24.25 2.5803074706385 0.0023325826855925
24.5 2.6027801595627 0.0021705090044401
24.75 2.6252649293427 0.0011865927836017
25 2.6442887678981 0.0064500365386851
25.25 2.666191905557 0.0039759243605984
25.5 2.6944841222514 0.0044153287782704
25.75 2.7191792693078 0.0084778034136195
26 2.7454260776962 0.0094733567238779
26.25 2.7668127214604 0.010345652954834
26.5 2.7892010475392 0.013253223864008
26.75 2.8174218701079 0.014850188296622
27 2.8448953779986 0.014330465647824
27.25 2.8731936074315 0.012394874554934
27.5 2.8973068221143 0.013559836766638
27.75 2.9274873848823 0.015078104426331
28 2.9536894119977 0.017724956664877
