0  
2.58496  
4  
5.08746  
5.58496  
4.32193  
0 0.31891490034021 0.068002207418756
1 1.0997985052862 0.006956688952139
1.58496 1.1646208003328 0.0055832530108745
2 1.2330187419366 0.0057431960249765
2.32193 1.1037658514211 0.0065124124584265
2.58496 1.2944286892591 0.0033071913634975
3 1.275645339099 0.0075103249811366
3.16993 1.2304863655441 0.0036618839362408
3.45943 1.1083753159914 0.007293202535074
3.70044 1.0960944544268 0.0068406893970489
4 1.3138956741027 0.0054220650909823
4.24793 1.1195429638781 0.0071099969977395
4.45943 1.2222738903373 0.0054959540588989
4.70044 1.2320798084085 0.0053451323128669
5 1.3295206121524 0.0050673075885699
5.24793 1.2343534682411 0.0049473624236042
5.49185 1.324258197395 0.0026023546784741
5.72792 1.1712428452704 0.0066665115830751
6 1.3622640830128 0.0066459837119108
6.24793 1.3405683765582 0.0044172032803394
6.49185 1.423696754366 0.0040624432008191
6.74147 1.2179088185369 0.0053213964299591
7 1.3548532731909 0.0040497276935141
7.24793 1.3598023054015 0.0048841094747207
7.49985 1.3099693991386 0.0061227769549622
7.74819 1.2868630300248 0.0037121658868115
8 1.4619888553473 0.004125307219553
8.24793 1.3999623516594 0.0041773507687614
8.49985 1.3466618346364 0.0037134022295847
8.74819 1.3782551320986 0.0035381160856829
9 1.3864165461602 0.0022285388240335
9.24793 1.3933730323588 0.0024355256837186
9.49985 1.4061696245522 0.0020422958773832
9.74987 1.4026731865421 0.00060283398877246
10 1.4233796067277 0.0015778002709534
10.2491 1.4269147482537 0.0003781055915759
10.4998 1.4457684224579 0.0023739595284935
10.7499 1.4591060921373 0.0017172590885773
11 1.474026917915 0.0020946045506608
11.2497 1.488172338749 0.0025612304026156
11.4998 1.5050814909368 0.0022106329320364
11.7499 1.522073717434 0.0027956793155033
12 1.5380979550868 0.0013188075863421
12.2497 1.5548173737427 0.0029293800963845
12.4998 1.5734767420539 0.0022507400294366
12.7499 1.5915708703777 0.0016562476717052
13 1.6133644459606 0.0037787531906659
13.2499 1.6322540425449 0.0034162303079582
13.5 1.6532026354287 0.0030282636969703
13.75 1.6760131620333 0.0026614174845626
14 1.697964895459 0.0038613162356066
14.2499 1.7203464890206 0.0018981555764681
14.5 1.7439480199356 0.0017604597630456
14.75 1.7737348155688 0.0018113611545264
15 1.7988470226432 0.0015335678127604
15.25 1.8262936963659 0.0014012311461745
15.5 1.8551202343363 0.0024146149586269
15.75 1.88421242699 0.0020470486975722
16 1.9126323187554 0.00073335213574613
16.25 1.9432462632613 0.0014349021177335
16.5 1.9730088646193 0.0018971137294934
16.75 2.0051497951478 0.0039258502919649
17 2.0339323730384 0.0072765002839035
17.25 2.0668997736758 0.0076222593334447
17.5 2.0988873350891 0.0048109274037054
17.75 2.1292523947065 0.007236910637294
18 2.1585971691357 0.0075974421523174
18.25 2.1794615932927 0.010821835292428
18.5 2.2108245661253 0.0078966674958577
18.75 2.231857132117 0.0094133768247889
19 2.2604147568091 0.0061674171506261
19.25 2.2874257354944 0.0096815869784094
19.5 2.3112310574634 0.005702546909195
19.75 2.3414605023101 0.0080650252462319
20 2.3604808011804 0.0075599459902383
20.25 2.389611103174 0.0053782198291365
20.5 2.4168309326608 0.0076457435890698
20.75 2.4389070624467 0.0087977369776292
21 2.4672973521042 0.0071857207864131
21.25 2.4841612016545 0.0031656675536958
21.5 2.512072723805 0.0058186495748639
21.75 2.5353309300485 0.0034868295623069
22 2.5605547217197 0.0054070309417051
22.25 2.5816333677494 0.0021263686629573
22.5 2.6080485539277 0.0061272888900086
22.75 2.6321572916692 0.0024807558716386
23 2.6558699378754 0.0036736664748154
23.25 2.6757267729358 0.0013646762583347
23.5 2.7006627141018 0.0049978991111081
23.75 2.7217809761425 0.0018786950093661
24 2.75138036037 0.0017896908432229
24.25 2.7745233272344 0.0038039878772657
24.5 2.7968965949331 0.0057904509011637
24.75 2.8254039171802 0.0058815527544849
25 2.847233638163 0.007314144867973
25.25 2.8703047382514 0.0072943379806046
25.5 2.8943634258448 0.0065526613323107
25.75 2.9233171758581 0.011878842573775
26 2.9464173747292 0.0094657470919832
26.25 2.9755766660821 0.010939672059981
26.5 3.0052636513178 0.011633002910066
26.75 3.0221735212674 0.010870893337558
27 3.0453473188155 0.012499074294164
27.25 3.067688002677 0.011327078310951
27.5 3.0993572281268 0.0098490730231451
27.75 3.1310432870282 0.011447861825664
28 3.1581123890696 0.013044947573752
