0  
2.58496  
4  
5.08746  
5.58496  
4.32193  
0 0.3491056402796 0.064699922807448
1 1.1019165596278 0.0071539765168479
1.58496 1.1645318431645 0.0045347069053435
2 1.2328730839192 0.0058899108015259
2.32193 1.1002026592748 0.0069377323077418
2.58496 1.294865941742 0.0045384081288496
3 1.276368985897 0.0084934603283806
3.16993 1.2274739746178 0.0059714488587967
3.45943 1.1031551405655 0.0065186239405515
3.70044 1.090621576392 0.0068471665909372
4 1.3141106716244 0.0078733925312348
4.24793 1.1128594486283 0.0060830009559044
4.45943 1.2182099266434 0.0053824633441317
4.70044 1.2271632975921 0.0061871532174041
5 1.3261764358342 0.0055461544885204
5.24793 1.2292835686377 0.0046160602790925
5.49185 1.3198213026015 0.0029220214383631
5.72792 1.1620135524157 0.0052918780126469
6 1.3582075100139 0.0062594180913331
6.24793 1.33554413003 0.0059156627133009
6.49185 1.4195962450733 0.0037175224770731
6.74147 1.2094325886603 0.0038235968712062
7 1.348732220959 0.0050505120074105
7.24793 1.3551991654383 0.0044438364520652
7.49985 1.3027871200624 0.0030894210711288
7.74819 1.2787597786024 0.0046110047654737
8 1.4588395967927 0.0046655381986745
8.24793 1.3936521898593 0.0042850249010719
8.49985 1.3367239986011 0.00326706658283
8.74819 1.3691299712649 0.0035064207117481
9 1.3760124040565 0.0017210291968637
9.24793 1.3812252162167 0.0030011117775097
9.49985 1.3954725515472 0.001829887978859
9.74987 1.3901391747207 0.00068883460356561
10 1.4104920103937 0.00094171287229547
10.2491 1.410857566939 0.00089847632165374
10.4998 1.4303544155625 0.00078091711210243
10.7499 1.4410653986969 0.0026638892283136
11 1.454359716646 0.0017156155704567
11.2497 1.4678246604281 0.001509341065652
11.4998 1.4823871150139 0.00089685195748763
11.7499 1.4968139554915 0.0028928554298282
12 1.5091721980645 0.0022229155217246
12.2497 1.5252597381844 4.370213088288e-05
12.4998 1.5398302432359 0.0020500835910824
12.7499 1.5541944478415 0.0025097341183405
13 1.570350365373 0.00043402251655964
13.2499 1.5854645126381 0.00051245677160304
13.5 1.6003860845674 0.0020262041006681
13.75 1.6153095312724 0.0039383815967836
14 1.6311147815943 0.0031619040276537
14.2499 1.6469291633748 0.00087319847954556
14.5 1.6649352735971 0.0015731998867617
14.75 1.6800389804825 0.0028910370141855
15 1.6969950086981 0.0026594632622089
15.25 1.7153216052764 0.0020631573378713
15.5 1.7319409303098 0.0026950489069527
15.75 1.7522499756472 0.001434765353809
16 1.7705694565997 0.0010972353690014
16.25 1.7899756173493 0.0017290305489512
16.5 1.8087951236221 0.0015341353427297
16.75 1.828429551783 0.0035651246583393
17 1.8508499393648 0.0063194786014568
17.25 1.8679722570619 0.0041071857844263
17.5 1.8888992581099 0.0049016221446968
17.75 1.9109411300799 0.0040310741322523
18 1.9328995195413 0.0062914023268208
18.25 1.9541451449221 0.0050177822145705
18.5 1.9619330225198 0.0045753024366993
18.75 2.0013793752096 0.0052325191037205
19 2.0257132146451 0.0089650662065433
19.25 2.0545493183539 0.0064603476321688
19.5 2.0812180122866 0.0081204396764413
19.75 2.1057166044564 0.010783391819237
20 2.1342280893858 0.0041974382003889
20.25 2.1662724342275 0.00619374333832
20.5 2.1941625286138 0.0091681400757355
20.75 2.223655136848 0.0096476497698736
21 2.2583937740768 0.013494085086346
21.25 2.2968210432346 0.011931125468836
21.5 2.3306515795511 0.0096490546052735
21.75 2.3728568083512 0.013921516978975
22 2.4177405403743 0.012621812121612
22.25 2.454443379904 0.0077242185610817
22.5 2.4980950949646 0.0098251695850687
22.75 2.5457883237992 0.0068959753478351
23 2.5939681470928 0.0082877608062597
23.25 2.6480154186072 0.0065872379291006
23.5 2.6937262542311 0.013870458765659
23.75 2.736669229805 0.011842506102311
24 2.7894501447604 0.012912620764136
24.25 2.8388183821299 0.012806043665809
24.5 2.8904582190924 0.01126227843875
24.75 2.9293102028454 0.010409046088923
25 2.9894164273131 0.009282062786884
25.25 3.0364899356069 0.0048296384553081
25.5 3.075874057338 0.013555247649202
25.75 3.1265075329286 0.015503243168385
26 3.1791098375828 0.015209661868312
26.25 3.215204759396 0.0068294914985385
26.5 3.2585288651782 0.015200375328522
26.75 3.2969946327097 0.0094978777494939
27 3.3393861265793 0.013233367608184
27.25 3.3905792684796 0.014976496741507
27.5 3.4377300390832 0.017930358281707
27.75 3.463874863905 0.015760718685684
28 3.5090753735858 0.016634599836951
