512 10 9.8252997 0.0013561929  9.8269547 0.0013916271        0.5      0.014 0.808000 S000
512 10 9.8339388 0.0013595754  9.8356158 0.0013927346        0.5      0.017 0.808000 S000
512 10 9.8114802 0.0013206113  9.8129129 0.0013645267        0.5       0.01 0.808000 S000
512 10 9.8680926 0.0014476372  9.8695266 0.0014553498        0.5          0 0.808000 S000
512 15.625 15.383572 0.002320711  15.386008 0.0023513138        0.5      0.014 0.797000 S000
512 15.625 15.389509 0.0024639804   15.39178 0.0024822668        0.5      0.017 0.797000 S000
512 15.625 15.375035 0.0023414077    15.3773 0.002367283        0.5       0.01 0.797000 S000
512 15.625 15.403018 0.0023004991  15.405214 0.0022987321        0.5          0 0.797000 S000
512 23.5 22.929127 0.0045335181  22.930686 0.0044828881        0.5      0.014 0.786000 S000
512 23.5 22.902963 0.0042427366   22.90559 0.0042447643        0.5      0.017 0.786000 S000
512 23.5 22.940169 0.0046705136  22.941755 0.0046108521        0.5       0.01 0.786000 S000
512 23.5 22.982713 0.0044734043  22.983321 0.0043232166        0.5          0 0.786000 S000
512 31.25 31.042924 0.0085209429  31.044477 0.0088909769        0.5      0.014 0.779000 S000
512 31.25 30.956248 0.0078901161  30.957717 0.0076839123        0.5      0.017 0.779000 S000 
512 31.25  31.12985 0.0083491982   31.13156 0.0084423727        0.5       0.01 0.779000 S000
512 31.25  31.25663 0.0073754212  31.257073 0.0078763876        0.5          0 0.779000 S000
512 10 9.8220893 0.0013237857  9.8236884 0.0013577852        0.5      0.014 0.808000  S001
512 10 9.8325197 0.0013004504  9.8341487 0.0013335499        0.5      0.017 0.808000  S001
512 10 9.8098989 0.0013457362  9.8114236 0.0013869307        0.5       0.01 0.808000  S001
512 10 9.8671279 0.001379977  9.8686755 0.0013819528        0.5          0 0.808000   S001
512 15.625 15.503102 0.002406273   15.50319 0.0024766033        0.5      0.014 0.793400 S001
512 15.625 15.509557 0.0022741531  15.509903 0.0023614727        0.5      0.017 0.793400 S001
512 15.625 15.493378 0.0024780958   15.49355 0.0024153031        0.5       0.01 0.793400 S001
512 15.625  15.51684 0.0022911963  15.517372 0.0023759966        0.5          0 0.793400 S001
512 23.5 22.977317 0.0043667343  22.978207 0.0042095441        0.5      0.014 0.784200 S001
512 23.5 22.957438 0.0045276549  22.958978 0.0044119759        0.5      0.017 0.784200 S001
512 23.5 22.990887 0.0043156283  22.991255 0.0041489099        0.5       0.01 0.784200 S001
512 23.5  23.033941 0.0041468758  23.035157 0.0043419808        0.5          0 0.784200 S001
512 31.25 29.413676 0.0078820654  29.415238 0.0078879985        0.5      0.014 0.792100 S001
512 31.25 29.500166 0.0086765423  29.500179 0.0087878579        0.5       0.01 0.792100 S001
512 31.25 29.609195 0.0077729899  29.612364 0.0079739467        0.5          0 0.792100 S001
512 10 9.8216399 0.0012893091  9.8234071 0.0013317458        0.5      0.014 0.808000 S002
512 10 9.8298776 0.0013108335  9.8314312 0.0013498673        0.5      0.017 0.808000 S002
512 10 9.8098306 0.0013070328  9.8112198 0.0013487653        0.5       0.01 0.808000 S002
512 10 9.8656008 0.0013479718  9.8670195 0.0013607509        0.5          0 0.808000 S002
512 15.625 15.379845 0.0023172788  15.382032 0.0023309937        0.5      0.014 0.797000 S002
512 15.625 15.385811 0.0024427318  15.388227 0.0024831627        0.5      0.017 0.797000 S002
512 15.625 15.374204 0.0024189403  15.376058 0.0024581841        0.5       0.01 0.797000 S002
512 15.625  15.39818 0.0024651792  15.400279 0.0024833277        0.5          0 0.797000 S002
512 23.5 23.138556 0.0040453092  23.140926 0.004105572        0.5      0.014 0.780100 S002 
512 23.5 23.130485 0.0042499917  23.133134 0.0042997431        0.5      0.017 0.780100 S002
512 23.5 23.150466 0.0041993517  23.152683 0.0042018955        0.5       0.01 0.780100 S002
512 23.5 23.198442 0.0043723594  23.199977  0.0042791        0.5          0 0.780100 S002
512 31.25  29.41383 0.0080551004  29.417078 0.0080141419        0.5      0.014 0.792500 S002
512 31.25 29.321224 0.0075754121  29.323889 0.00792169        0.5      0.017 0.792500 S002
512 31.25 29.506128 0.0085137387  29.506395 0.0089066904        0.5       0.01 0.792500 S002
512 31.25 29.631917 0.0076993564  29.634971 0.007757383        0.5          0 0.792500 S002
512 10 9.8269132 0.0012911006  9.8286968 0.0013237914        0.5      0.014 0.808000 S003
512 10  9.835943 0.0013508738  9.8376734 0.0013892092        0.5      0.017 0.808000 S003
512 10 9.8149213 0.0013011947     9.8165 0.0013443363        0.5       0.01 0.808000 S003
512 10 9.8718937 0.0013436824  9.8734156 0.0013666032        0.5          0 0.808000 S003
512 15.625 15.382036 0.0024710951  15.384163 0.0024921994        0.5      0.014 0.797000 S003
512 15.625 15.388263 0.0023941448  15.390467 0.0024074689        0.5      0.017 0.797000 S003
512 15.625 15.378962 0.0025342436  15.380933 0.0025591619        0.5       0.01 0.797000 S003
512 15.625 15.405109 0.0024295032  15.406948 0.0024410846        0.5          0 0.797000 S003
512 23.5 22.995457 0.0046899122  22.995604 0.0045373991        0.5      0.014 0.784200 S003
512 23.5 22.975574 0.0043605052  22.976194 0.0042467707        0.5      0.017 0.784200 S003
512 23.5 23.006502 0.0040942239  23.006718 0.0042380689        0.5       0.01 0.784200 S003
512 23.5 23.054807 0.0041300237  23.056749 0.0043059696        0.5          0 0.784200 S003
512 31.25 29.422934 0.008364715   29.42352 0.0083541158        0.5      0.014 0.792500 S003
512 31.25 29.334689 0.0077232401  29.337288  0.0080868        0.5      0.017 0.792500 S003
512 31.25 29.511486 0.0081105017   29.51193 0.0084572505        0.5       0.01 0.792500 S003
512 31.25 29.635258 0.0080916192  29.637812 0.0082199653        0.5          0 0.792500 S003
