8  2.3502199 0.0061954391 6.2417046e-06  0.88004362 1.4205736e-05
8  2.7924813 0.0083726344 7.6334933e-06  0.87790147 1.404212e-05
8  3.1239638 0.010186938 7.5420538e-06  0.87623319 1.5572435e-05
8  3.3906799 0.010935543 8.4258139e-06  0.87337563 1.507203e-05
8  3.6427011 0.011983939 8.6247906e-06  0.87096506 1.5548116e-05
8          4 0.011533445 9.2314084e-06   0.8691308 1.7637193e-05
8  4.2089263 0.013248079 9.4304809e-06  0.86684618 1.7049769e-05
8  4.4756424 0.011583547 1.0066854e-05   0.8639504 1.7339785e-05
8  4.7141801 0.012032078 1.0836454e-05  0.86212221 1.7665779e-05
8          5 0.013180234 1.0666336e-05  0.86011645 1.9332738e-05
8  5.2479275 0.012777807 1.1048054e-05  0.85759312 1.9559223e-05
8  5.4756424 0.012219113 1.1284958e-05  0.85592365 1.8990428e-05
8  5.7209534 0.012590989 1.1947346e-05  0.85353019 1.9858417e-05
8          6 0.013307223 1.1719195e-05  0.85098899 1.9926987e-05
8  6.2479275 0.012627271 1.3531553e-05  0.84865284 2.161792e-05
8  6.4958495 0.013340844 1.4840696e-05  0.84637808 2.1489746e-05
8  6.7380567 0.012862487 1.4492865e-05   0.8441704 2.1252851e-05
8          7 0.012883647 1.4120139e-05  0.84177742 2.3248093e-05
8  7.2479275 0.012637836 1.4427476e-05  0.83970661 2.4322074e-05
8  7.4958495 0.012500575 1.4926225e-05  0.83751343 2.4550321e-05
8  7.7448299 0.01223594 1.4888037e-05  0.83532946 2.5076482e-05
8          8 0.012041306 1.4716675e-05  0.83314458 2.5055224e-05
8  8.2479275 0.01200677 1.5643985e-05  0.83108894 2.7085969e-05
8  8.4998459 0.011802461 1.5824585e-05  0.82901834 2.7947212e-05
8  8.7490311 0.01163415 1.589422e-05  0.82698354 2.734994e-05
8          9 0.011490104 1.6944608e-05  0.82500535 2.762625e-05
8  9.2485205 0.01135299 1.6420718e-05  0.82304329 2.9307571e-05
8  9.4998459 0.01120021 1.6818589e-05  0.82109706 2.8725346e-05
8  9.7490311 0.011096647 1.7112634e-05  0.81917369 2.9866602e-05
8         10 0.011022021 1.7919338e-05  0.81723784 3.1956129e-05
8  10.248817 0.010934539 1.86587e-05  0.81538283 3.1599016e-05
8  10.499846 0.010833561 1.8386966e-05  0.81351509 3.2011998e-05
8  10.749869 0.010772134 2.0059041e-05  0.81167476 3.4569918e-05
8         11 0.010678065 1.9958139e-05  0.80981065 3.579588e-05
8   11.24941 0.010641051 1.9449162e-05  0.80795563 3.5927276e-05
8  11.499846 0.01059307 2.0814626e-05  0.80620453 3.6771821e-05
8  11.749869 0.01053812 2.1004687e-05  0.80433709 3.7835918e-05
8         12 0.010484746 2.184791e-05  0.80256482 3.8946671e-05
8   12.24978 0.010423578 2.1822616e-05  0.80078507 3.6686756e-05
8  12.499908 0.010404568 2.3476383e-05  0.79895543 3.7462354e-05
8  12.749922 0.010348399 2.4292122e-05  0.79720324 4.0108008e-05
8         13 0.01029213 2.5742498e-05  0.79545476 4.0193415e-05
8  13.249817 0.010246258 2.4129481e-05  0.79368246 4.1613808e-05
8  13.499908 0.010190728 2.5303885e-05   0.7919417 4.2984348e-05
8  13.749922 0.01016998 2.5500599e-05  0.79017537 4.6207187e-05
8         14 0.010082973 2.5492946e-05  0.78850926 4.5514288e-05
8   14.24991 0.010049393 2.7426557e-05  0.78677033 4.8646392e-05
8   14.49997 0.010009498 2.7849372e-05  0.78512331 4.7428523e-05
8  14.749974 0.0098936609 2.9050406e-05  0.78337129 5.0848395e-05
8         15 0.0098820222 2.9700869e-05  0.78171509 5.1058969e-05
8  15.249956 0.0097713048 2.9786167e-05  0.77998281 5.1961306e-05
8  15.499978 0.0097899941 3.1395539e-05   0.7783644 5.4438187e-05
8  15.749981 0.0097370769 2.9341566e-05  0.77677304 5.5736416e-05
8         16 0.0097146196 3.2084471e-05  0.77500999 5.8378306e-05
8  16.249979 0.0096415849 3.2258058e-05   0.7734159 5.8925387e-05
8  16.499982 0.0095885412 3.2824481e-05  0.77169172 5.7817867e-05
8  16.749984 0.0096219739 3.4355184e-05  0.77006246 6.0111481e-05
8         17 0.0095592987 3.6095983e-05  0.76840459 6.364143e-05
8  17.249991 0.0095550302 3.6613617e-05  0.76678997 6.5132933e-05
8  17.499992 0.0094954538 3.5497583e-05  0.76513067 6.4339931e-05
8  17.749992 0.0094516082 3.5744453e-05  0.76344161 6.2630207e-05
8         18 0.009428889 3.5782206e-05   0.7618683 6.7990618e-05
8  18.249996 0.0094277164 3.6829916e-05  0.76027942 6.9117046e-05
8  18.499997 0.009441152 3.8519501e-05  0.75856724 7.0700569e-05
8  18.749996 0.0094074389 3.9440714e-05  0.75691096 7.3655067e-05
8         19 0.0093779765 3.8648557e-05  0.75527163 7.2368105e-05
8  19.249999 0.0094119256 4.0055011e-05  0.75359957 7.4043273e-05
8  19.499999 0.0093598001 3.9019765e-05  0.75194318 7.6519975e-05
8  19.749998 0.0093362803 4.2184626e-05  0.75025567 7.8629841e-05
8         20 0.0093584548 4.3607519e-05   0.7485778 7.9239092e-05
8      20.25 0.0093978524 4.2392365e-05  0.74689319 7.6634128e-05
8       20.5 0.0093766518 4.4517315e-05  0.74525576 8.1308938e-05
8  20.749999 0.0094038831 4.5228174e-05  0.74355222 8.3144284e-05
8         21 0.0095712433 4.4154129e-05  0.74186471 8.5542143e-05
8      21.25 0.0095323637 4.4985356e-05  0.74005396 8.8835432e-05
8       21.5 0.0095930217 4.5897412e-05  0.73833433 8.8507441e-05
8      21.75 0.0096763808 4.9498283e-05  0.73653874 9.387747e-05
8         22 0.009715394 5.1251556e-05  0.73456284 9.7294674e-05
8      22.25 0.0097654382 4.9055885e-05  0.73286963 9.3761764e-05
8       22.5 0.0098619493 5.1850912e-05  0.73096703 0.00010112705
8      22.75 0.009855811 4.8897919e-05  0.72905124 0.00010491717
8         23 0.0097451243 4.9811347e-05  0.72711106 0.00010794405
8      23.25 0.0098093558 5.1165616e-05  0.72512988 0.00011433954
8       23.5 0.0098960614 5.0259572e-05  0.72313518 0.0001209037
8      23.75 0.009920493 5.4636804e-05  0.72111459 0.00011926146
8         24 0.009918012 5.389097e-05  0.71921503 0.00012437447
8      24.25 0.0099318109 5.3896562e-05  0.71717294 0.00012831263
8       24.5 0.009832589 5.5426327e-05  0.71498689 0.00012755424
8      24.75 0.0098109013 5.1769965e-05   0.7129249 0.00013878787
8         25 0.0097733481 4.9025469e-05  0.71071864 0.00013773874
8      25.25 0.0097170352 5.2161893e-05  0.70842232 0.00013896173
8       25.5 0.0095091475 4.8993053e-05  0.70629143 0.0001396339
8      25.75 0.0093780103 4.7625302e-05  0.70405662 0.00014491401
8         26 0.0091776372 4.9229026e-05  0.70175731 0.00015392417
8      26.25 0.0089366342 5.2668823e-05  0.69947464 0.00015814528
8       26.5 0.0087291908 4.9210219e-05  0.69736152 0.00015520912
8      26.75 0.0085832402 5.4101996e-05  0.69484986 0.00016570235
8         27 0.0082686264 5.4157105e-05  0.69270224 0.00016896772
