8  2.3502199 0.0060105017 6.5175747e-06  0.88081431 1.4009323e-05
8  2.7924813 0.0081511611 8.0045573e-06  0.87869977 1.3182595e-05
8  3.1239638 0.0099617193 9.1212398e-06  0.87704882 1.4209456e-05
8  3.3906799  0.0107404 1.0239071e-05  0.87422397 1.4451494e-05
8  3.6427011 0.011783531 1.0725948e-05  0.87183649 1.5311524e-05
8          4 0.011329168 1.0649075e-05  0.87005657 1.683884e-05
8  4.2089263 0.013047078 1.1425204e-05  0.86776968 1.6350064e-05
8  4.4756424 0.011390572 1.1609552e-05  0.86487597 1.7019909e-05
8  4.7141801 0.011855397 1.19534e-05  0.86308167 1.7942971e-05
8          5 0.01299329 1.2299825e-05  0.86113794 1.8093924e-05
8  5.2479275 0.012559795 1.2946996e-05  0.85861543 1.8656878e-05
8  5.4756424 0.011993216 1.226632e-05  0.85698418 1.8816159e-05
8  5.7209534 0.012357142 1.3032552e-05  0.85460404 1.9808053e-05
8          6 0.013067526 1.3119593e-05   0.8521164 2.0257061e-05
8  6.2479275 0.012364372 1.3830648e-05  0.84983855 1.9995341e-05
8  6.4958495 0.013071304 1.3564506e-05  0.84757995 2.1427651e-05
8  6.7380567 0.012533831 1.2868129e-05  0.84537759 2.139014e-05
8          7 0.012527301 1.3367497e-05  0.84304177 2.242703e-05
8  7.2479275 0.012296903 1.3945576e-05  0.84102984 2.4399612e-05
8  7.4958495 0.012099397 1.3640822e-05  0.83887029 2.5681686e-05
8  7.7448299 0.011820712 1.3781742e-05  0.83676905 2.5911292e-05
8          8 0.011606151 1.3896244e-05  0.83463415 2.5944679e-05
8  8.2479275 0.011547192 1.5046244e-05  0.83259344 2.7094922e-05
8  8.4998459 0.01130568 1.5203557e-05  0.83058211 2.7851614e-05
8  8.7490311 0.011129298 1.5268215e-05  0.82858407 2.8471795e-05
8          9 0.010952906 1.5919423e-05  0.82663427 2.8382698e-05
8  9.2485205 0.010791035 1.686928e-05  0.82471865 2.9205614e-05
8  9.4998459 0.010660976 1.6724996e-05  0.82285592 3.0108734e-05
8  9.7490311 0.010516205 1.7618683e-05  0.82098477 3.0985953e-05
8         10 0.01043257 1.6844108e-05  0.81910629 3.0776506e-05
8  10.248817 0.010319035 1.7817266e-05  0.81728147 3.1663894e-05
8  10.499846 0.010275152 1.907863e-05  0.81543679 3.2966106e-05
8  10.749869 0.010163104 1.8871258e-05  0.81364916 3.4422783e-05
8         11 0.010084357 1.9822426e-05  0.81184869 3.6089241e-05
8   11.24941 0.010037876 2.0642681e-05  0.81006227 3.6517649e-05
8  11.499846 0.0099663275 2.0674009e-05  0.80827479 3.7010021e-05
8  11.749869 0.0098966305 2.0815781e-05  0.80656519 3.9444254e-05
8         12 0.0098472282 2.2056827e-05  0.80480097 4.01189e-05
8   12.24978 0.0098022992 2.1990909e-05  0.80304205 4.2158648e-05
8  12.499908 0.0096863394 2.2885494e-05  0.80134389 4.2726953e-05
8  12.749922 0.0096346638 2.3718866e-05  0.79964445 4.4042836e-05
8         13 0.0096117106 2.3580094e-05  0.79787562 4.4714744e-05
8  13.249817 0.0095429771 2.33229e-05  0.79623573 4.3686828e-05
8  13.499908 0.0094884894 2.526058e-05  0.79454421 4.5228814e-05
8  13.749922 0.0094597787 2.5392979e-05  0.79295774 4.7148665e-05
8         14 0.0093560291 2.6361829e-05  0.79126322 4.8581036e-05
8   14.24991 0.0092755897 2.6975067e-05  0.78957531 4.6170525e-05
8   14.49997 0.0092933736 2.7386886e-05  0.78798127 4.817217e-05
8  14.749974 0.0092714092 2.8746481e-05  0.78639332 4.9761156e-05
8         15 0.0092144584 2.7468217e-05  0.78476249 5.2356633e-05
8  15.249956 0.0091287578 2.8099684e-05  0.78319255 5.3134308e-05
8  15.499978 0.0090966969 3.0349417e-05  0.78158186 5.3379607e-05
8  15.749981 0.0090475329 3.0300971e-05  0.77999103 5.7165228e-05
8         16 0.0090155725 3.2587471e-05  0.77844626 5.5304603e-05
8  16.249979 0.0090179657 3.1784745e-05  0.77694866 5.8767514e-05
8  16.499982 0.0089460276 3.3222045e-05  0.77535113 5.9170434e-05
8  16.749984 0.0088908979 3.3601162e-05  0.77380931 6.1598464e-05
8         17 0.0088196827 3.2406008e-05  0.77231406 6.1575001e-05
8  17.249991 0.0088252225 3.4890438e-05  0.77078253 6.1587853e-05
8  17.499992 0.0088315704 3.4570595e-05  0.76924188 6.4058253e-05
8  17.749992 0.008859421 3.5514801e-05  0.76773144 6.3320385e-05
8         18 0.0087856834 3.8591397e-05  0.76629653 6.3685293e-05
8  18.249996 0.0087609685 3.4736797e-05  0.76480894 6.7277425e-05
8  18.499997 0.0087902923 3.8603064e-05    0.763162 7.0264875e-05
8  18.749996 0.0087994714 4.1343502e-05  0.76155291 7.4172597e-05
8         19 0.0087802168 4.0752315e-05  0.76022412 7.2860313e-05
8  19.249999 0.0087463798 4.1340808e-05  0.75865729 7.3797595e-05
8  19.499999 0.0086778632 4.2091064e-05  0.75715819 7.6814172e-05
8  19.749998 0.0086570292 4.3156586e-05  0.75566181 7.938017e-05
8         20 0.0086937257 4.6281793e-05  0.75423498 8.0411719e-05
8      20.25 0.0086985659 4.4410786e-05  0.75277963 8.0317137e-05
8       20.5 0.0086915748 4.450874e-05  0.75130671 7.8868192e-05
8  20.749999 0.0086513956 4.8915218e-05   0.7497765 8.2146306e-05
8         21 0.008756007 4.8900831e-05  0.74837786 8.2923576e-05
8      21.25 0.0087690357 4.6515832e-05  0.74687972 8.6255604e-05
8       21.5 0.0087417186 4.8927552e-05  0.74530653 8.4886207e-05
8      21.75 0.0087546352 4.9538411e-05  0.74384642 9.543356e-05
8         22 0.008769709 4.9587247e-05  0.74228369 9.4293629e-05
8      22.25 0.0087688402 5.5081711e-05  0.74074506 9.565383e-05
8       22.5 0.0087297485 5.4112578e-05  0.73936075 9.7224698e-05
8      22.75 0.0088319839 5.8687287e-05   0.7378833 0.00010264644
8         23 0.0088117673 5.865921e-05  0.73645999 0.00010948007
8      23.25 0.0087106015 5.4059456e-05  0.73486345 0.00010772894
8       23.5 0.0088688631 5.5440356e-05   0.7334361 0.00010835755
8      23.75 0.0088407105 5.7131284e-05   0.7318412 0.00011042368
8         24 0.0088538789 5.9657756e-05  0.73017704 0.00011009108
8      24.25 0.0088924698 5.9439836e-05  0.72887666 0.00011144032
8       24.5 0.0088563081 6.1807091e-05  0.72718428 0.00010935163
8      24.75 0.0088127293 6.4631078e-05  0.72574589 0.00011105874
8         25 0.0086901785 6.7621247e-05  0.72417624 0.00011966376
8      25.25 0.0089451263 6.59961e-05  0.72253439 0.00012410866
8       25.5 0.0088387898 6.6572921e-05  0.72104568 0.00012299498
8      25.75 0.0088489031 7.1758185e-05  0.71954658 0.00012955351
8         26 0.0089385059 6.9699409e-05   0.7181222 0.0001354144
8      26.25 0.0088627762 6.8746876e-05  0.71618668 0.0001352562
8       26.5 0.0089548591 7.161124e-05   0.7148266 0.00013088414
8      26.75 0.0090903504 7.6414912e-05   0.7132036 0.00014078488
8         27 0.0091652143 7.224865e-05  0.71130722 0.00013407097
8      27.25 0.0091890469 7.437198e-05  0.70974753 0.00014452513
8       27.5 0.0092606908 7.7097603e-05  0.70810942 0.00014459574
8      27.75 0.0093780458 8.0543842e-05  0.70619635 0.00014513662
8         28 0.0093026922 7.624344e-05  0.70460091 0.00015076612
8      28.25 0.009355659 8.3737998e-05  0.70284054 0.00016067058
8       28.5 0.0095362557 8.0288266e-05  0.70096397 0.00016499332
8      28.75 0.0095675123 7.8640135e-05    0.699074 0.00017184351
8         29 0.0095638077 8.0300619e-05  0.69722148 0.0001726666
8      29.25 0.0095327714 7.9997452e-05   0.6954505 0.00018653701
8       29.5 0.0095452732 8.1529026e-05  0.69333712 0.00018906217
8      29.75 0.0095773833 8.0329881e-05  0.69132255 0.0001895426
8         30 0.0097562819 8.1534157e-05  0.68946446 0.00020128532
8      30.25 0.0099066544 7.7546616e-05  0.68758181 0.00019714471
8       30.5 0.009845095 7.4345706e-05  0.68542749 0.0002079792
8      30.75 0.0097099036 8.1078736e-05  0.68316783 0.00021915708
8         31 0.009897426 7.8740652e-05  0.68082113 0.00022035178
