8  2.3502199 0.0068336534 6.6165887e-06  0.87708796 1.4586244e-05
8  2.7924813 0.0091020881 7.8475467e-06  0.87478983 1.4227883e-05
8  3.1239638 0.011012357 7.8755696e-06  0.87298208 1.5595438e-05
8  3.3906799 0.01179498 8.5142272e-06  0.87004694 1.5307943e-05
8  3.6427011 0.012881413 8.7251678e-06  0.86753133 1.6750422e-05
8          4 0.012443689 8.9758011e-06  0.86555716 1.7578936e-05
8  4.2089263 0.014168105 9.3825458e-06  0.86316763 1.7159362e-05
8  4.4756424 0.012527217 9.5124643e-06  0.86013283 1.7525581e-05
8  4.7141801 0.012972864 9.9004254e-06  0.85820728 1.8714688e-05
8          5 0.01414248 1.0380079e-05   0.8560287 1.9611892e-05
8  5.2479275 0.013711376 1.0732787e-05  0.85335433 1.9889542e-05
8  5.4756424 0.013141424 1.1153725e-05  0.85152547 2.0753252e-05
8  5.7209534 0.013507002 1.1249592e-05  0.84893372 2.1236348e-05
8          6 0.014183886 1.2044863e-05  0.84619334 2.1788665e-05
8  6.2479275 0.013474123 1.3244821e-05  0.84367793 2.203305e-05
8  6.4958495 0.014131528 1.4047316e-05  0.84117994 2.2388522e-05
8  6.7380567 0.013620865 1.3570593e-05  0.83874684 2.2192623e-05
8          7 0.013597493 1.4106738e-05  0.83613592 2.3337522e-05
8  7.2479275 0.013344443 1.3757084e-05  0.83387452 2.5434411e-05
8  7.4958495 0.01316786 1.4986256e-05  0.83142529 2.5671253e-05
8  7.7448299 0.012907461 1.431561e-05  0.82897444 2.6664198e-05
8          8 0.012725696 1.4273646e-05  0.82651197 2.8070539e-05
8  8.2479275 0.012696359 1.4745437e-05  0.82416162 2.7618212e-05
8  8.4998459 0.012544829 1.5159368e-05   0.8217252 2.9150042e-05
8  8.7490311 0.012360124 1.4851512e-05  0.81936053 3.0337787e-05
8          9 0.012223524 1.5144984e-05  0.81702411 3.1025317e-05
8  9.2485205 0.012119848 1.6040015e-05  0.81467936 3.1999324e-05
8  9.4998459 0.012005565 1.6206802e-05  0.81231228 3.4207204e-05
8  9.7490311 0.011919436 1.6632422e-05  0.80999148 3.4278936e-05
8         10 0.01181876 1.6366842e-05  0.80763015 3.4980565e-05
8  10.248817 0.011756995 1.7669074e-05  0.80526901 3.6146433e-05
8  10.499846 0.011648387 1.7630982e-05    0.802902 3.7385373e-05
8  10.749869 0.011600961 1.6889763e-05   0.8005254 3.6817832e-05
8         11 0.01152103 1.6060505e-05  0.79822121 3.8864875e-05
8   11.24941 0.01143915 1.737039e-05  0.79585932 3.9598945e-05
8  11.499846 0.011346538 1.6597083e-05  0.79353068 4.1265834e-05
8  11.749869 0.011267826 1.8941687e-05  0.79118698 4.1473543e-05
8         12 0.011172895 1.838545e-05  0.78880499 4.2923243e-05
8   12.24978 0.01107069 1.8162608e-05  0.78644647 4.3614646e-05
8  12.499908 0.010963192 1.9142098e-05  0.78411963 4.6613716e-05
8  12.749922 0.01084757 1.977222e-05  0.78175431 4.5990975e-05
8         13 0.010731744 1.9213715e-05  0.77942767 4.8852556e-05
8  13.249817 0.010602636 1.9991626e-05  0.77710038 4.8339819e-05
8  13.499908 0.01052316 2.0129193e-05  0.77480239 5.0061504e-05
8  13.749922 0.010379588 2.0453969e-05  0.77252941 5.089217e-05
8         14 0.010270394 2.1903128e-05  0.77023634 5.2374527e-05
8   14.24991 0.010163708 2.1817467e-05  0.76798761 5.4513706e-05
8   14.49997 0.010061018 2.2470329e-05  0.76569524 5.447007e-05
8  14.749974 0.0099154976 2.2772463e-05  0.76341837 5.800224e-05
8         15 0.0098011086 2.2032674e-05  0.76117859 6.1569204e-05
8  15.249956 0.0096705959 2.0811088e-05  0.75891783 6.2510054e-05
8  15.499978 0.009530992 2.3309868e-05  0.75672173 6.2485732e-05
8  15.749981 0.0094028367 2.299092e-05  0.75455775 6.4466987e-05
8         16 0.0093077077 2.3154382e-05  0.75242145 6.4532914e-05
8  16.249979 0.00918644 2.4045962e-05  0.75033846 6.8014084e-05
8  16.499982 0.0090807903 2.473135e-05  0.74821566 7.1058746e-05
8  16.749984 0.0089908714 2.5557363e-05  0.74606205 7.2413505e-05
8         17 0.0089239364 2.4355171e-05  0.74390726 7.6119029e-05
8  17.249991 0.0088536167 2.462451e-05  0.74177579 7.5347253e-05
8  17.499992 0.0087653426 2.6460963e-05  0.73967751 7.6608238e-05
8  17.749992 0.0087265191 2.6031811e-05  0.73765714 7.9332188e-05
8         18 0.0086194289 2.6938127e-05  0.73543443 7.8830164e-05
8  18.249996 0.0085155215 2.778238e-05    0.733413 8.072356e-05
8  18.499997 0.0084475728 2.67691e-05  0.73134419 8.5364076e-05
8  18.749996 0.0084165335 2.8046925e-05  0.72924478 8.5013582e-05
8         19 0.0083358766 2.9590451e-05  0.72725408 8.4906845e-05
8  19.249999 0.0082885972 2.938653e-05  0.72526685 8.5551448e-05
8  19.499999 0.0082686238 2.9667581e-05  0.72322544 9.1219834e-05
8  19.749998 0.0082060207 3.0289441e-05  0.72121734 9.4226223e-05
8         20 0.0081985008 3.0676566e-05  0.71919376 9.4697258e-05
8      20.25 0.0082284787 3.0502504e-05  0.71711168 9.5727567e-05
8       20.5 0.0082185208 3.2670822e-05  0.71509344 9.7213783e-05
8  20.749999 0.0081444662 3.1240164e-05  0.71311505 0.000103659
8         21 0.0081160295 3.4453393e-05  0.71101418 0.0001030221
8      21.25 0.0081454004 3.3581482e-05  0.70894221 0.00010602319
8       21.5 0.0080958687 3.5332978e-05  0.70695129 0.0001043488
8      21.75 0.0080779319 3.4572026e-05  0.70500363 0.00010985484
8         22 0.0080860496 3.7809107e-05  0.70292411 0.00011642493
8      22.25 0.008054255 3.7211631e-05  0.70095091 0.00011420885
8       22.5 0.0080480787 3.9161529e-05  0.69894642 0.00011873785
8      22.75 0.0080958501 3.6183595e-05  0.69691163 0.00011650603
8         23 0.0081140543 3.9008721e-05  0.69490121 0.00012133833
8      23.25 0.0080730351 3.8717413e-05  0.69287177 0.00012013498
8       23.5 0.0080482303 4.0988428e-05  0.69079196 0.00012106678
8      23.75 0.0081160337 4.0853043e-05  0.68888437 0.00012722107
8         24 0.0081351363 4.1127719e-05  0.68679121 0.00012671905
8      24.25 0.0081157951 4.3150193e-05  0.68477219 0.00013416068
8       24.5 0.008134315 4.1244714e-05  0.68277696 0.00013298541
8      24.75 0.0081508772 4.1501576e-05  0.68070708 0.00013113527
8         25 0.0081847216 4.2803263e-05  0.67873258 0.00014327383
8      25.25 0.0082173948 4.3381632e-05  0.67649746 0.00014594323
8       25.5 0.0083103974 4.2452794e-05  0.67450997 0.00014266717
8      25.75 0.0083590302 4.4136615e-05  0.67246475 0.00014104297
8         26 0.0083210406 4.6222017e-05  0.67037197 0.00014330039
8      26.25 0.0084292545 4.6972311e-05  0.66834539 0.00014992151
8       26.5 0.0085331902 4.7021381e-05  0.66622231 0.00015787379
8      26.75 0.0085961539 5.3409376e-05  0.66400684 0.00016015809
8         27 0.0086906821 5.3540463e-05  0.66191909 0.00016755375
