8  2.3502199 0.0060733871 6.2375359e-06  0.87881597 1.3528588e-05
8  2.7924813 0.0081692228 7.1651102e-06  0.87659521 1.3446553e-05
8  3.1239638 0.0099743756 7.7083543e-06  0.87486836 1.4936107e-05
8  3.3906799 0.010765202 8.9742462e-06  0.87197318 1.5080504e-05
8  3.6427011 0.011816214 9.1521391e-06  0.86952988 1.5202166e-05
8          4 0.011450782 9.5513281e-06  0.86764191 1.5420552e-05
8  4.2089263 0.013161743 1.0220043e-05  0.86531409 1.5542807e-05
8  4.4756424 0.01162639 1.0553363e-05  0.86236034 1.7090369e-05
8  4.7141801 0.01214468 1.1255339e-05    0.860476 1.760898e-05
8          5 0.013323963 1.1640274e-05  0.85844636 1.9198048e-05
8  5.2479275 0.012999037 1.1641951e-05  0.85586439 1.9703943e-05
8  5.4756424 0.012521376 1.1424136e-05  0.85413947 2.0964524e-05
8  5.7209534 0.012926996 1.1338224e-05  0.85167193 2.0969211e-05
8          6 0.013698757 1.222571e-05  0.84906915 2.1282909e-05
8  6.2479275 0.013094642 1.3576591e-05  0.84668304 2.1882693e-05
8  6.4958495 0.013837774 1.3301248e-05  0.84433373 2.2912534e-05
8  6.7380567 0.013379138 1.4043767e-05   0.8420599 2.239031e-05
8          7 0.01343818 1.4184606e-05  0.83962215 2.3553675e-05
8  7.2479275 0.013255404 1.3320041e-05  0.83745909 2.4605058e-05
8  7.4958495 0.013107605 1.3840543e-05  0.83520634 2.585569e-05
8  7.7448299 0.012870408 1.381002e-05  0.83297436 2.66832e-05
8          8 0.012699703 1.5539708e-05   0.8306789 2.80557e-05
8  8.2479275 0.012667914 1.6555358e-05  0.82851076 2.7960016e-05
8  8.4998459 0.012495349 1.6402907e-05  0.82637584 2.8570787e-05
8  8.7490311 0.012329637 1.6650854e-05  0.82427978 2.8519433e-05
8          9 0.012167246 1.6690153e-05  0.82219084 2.9176717e-05
8  9.2485205 0.012029215 1.6480206e-05  0.82012523 3.0951692e-05
8  9.4998459 0.011895883 1.7751145e-05  0.81804192 3.0467388e-05
8  9.7490311 0.011796618 1.7243858e-05  0.81604595 3.2975715e-05
8         10 0.011708312 1.8992267e-05  0.81401211 3.366719e-05
8  10.248817 0.011602534 1.8421528e-05  0.81199871 3.3814221e-05
8  10.499846 0.011525276 1.9092746e-05  0.81001966 3.5596737e-05
8  10.749869 0.011397808 1.9990321e-05   0.8080432 3.7170077e-05
8         11 0.011368029 1.9474497e-05  0.80607084 3.6836062e-05
8   11.24941 0.011272787 1.9776888e-05  0.80411273 3.8850709e-05
8  11.499846 0.011212454 2.0936682e-05  0.80212363 3.8768546e-05
8  11.749869 0.011173128 2.1494417e-05  0.80020364 4.2205956e-05
8         12 0.011086919 2.2285581e-05  0.79818252 4.1133038e-05
8   12.24978 0.011034696 2.1926557e-05   0.7962428 4.0958219e-05
8  12.499908 0.011003424 2.3306736e-05  0.79429216 4.2189221e-05
8  12.749922 0.010959218 2.3317329e-05  0.79230913 4.5775796e-05
8         13 0.010897406 2.412003e-05   0.7903607 4.6004396e-05
8  13.249817 0.010818778 2.4048677e-05  0.78839504 4.541535e-05
8  13.499908 0.010835617 2.3326471e-05  0.78642022 4.785166e-05
8  13.749922 0.010748907 2.5219773e-05  0.78448592 5.1857897e-05
8         14 0.010782873 2.5226471e-05  0.78241192 5.0194794e-05
8   14.24991 0.010746144 2.4790805e-05  0.78051763 4.9303149e-05
8   14.49997 0.010698979 2.5638935e-05  0.77847008 5.2563087e-05
8  14.749974 0.010699156 2.625153e-05  0.77655906 5.4626691e-05
8         15 0.01066344 2.653244e-05   0.7744742 5.7791925e-05
8  15.249956 0.010654019 2.7462443e-05  0.77241807 5.508522e-05
8  15.499978 0.010590768 2.6341501e-05  0.77039893 5.8666245e-05
8  15.749981 0.010560865 2.8889537e-05  0.76833211 6.1881446e-05
8         16 0.010470862 2.9523895e-05  0.76626475 6.2655086e-05
8  16.249979 0.010462836 2.7039436e-05  0.76418351 6.5320037e-05
8  16.499982 0.010357906 2.9190698e-05  0.76213083 6.4951847e-05
8  16.749984 0.010330663 2.9822844e-05  0.76006663 6.6026314e-05
8         17 0.010271802 2.8798771e-05  0.75795564 6.9980391e-05
8  17.249991  0.0101942 3.1709091e-05  0.75579274 7.0236859e-05
8  17.499992 0.010106388 3.1638356e-05  0.75376716 7.4810966e-05
8  17.749992 0.010042416 3.1001782e-05  0.75159068 7.5133886e-05
8         18 0.0099471024 3.1880918e-05  0.74939585 7.5166025e-05
8  18.249996 0.0098028182 2.9184959e-05  0.74730787 8.1377659e-05
8  18.499997 0.0097282346 3.1286042e-05   0.7450784 8.2328499e-05
8  18.749996 0.0095771386 3.1957196e-05  0.74294848 8.2291339e-05
8         19 0.0094457116 3.1584636e-05  0.74081545 8.4802036e-05
8  19.249999 0.0093392252 3.2681988e-05   0.7386674 8.812657e-05
8  19.499999 0.0091586036 3.2267462e-05  0.73650357 8.5787396e-05
8  19.749998 0.0090586418 3.2375081e-05  0.73439887 8.8550657e-05
8         20 0.008925531 3.3557902e-05  0.73218119 9.3925606e-05
8      20.25 0.0088051494 3.2494226e-05   0.7300577 9.0125004e-05
8       20.5 0.0087000525 3.5728781e-05  0.72797068 9.337407e-05
8  20.749999 0.008569446 3.2730489e-05  0.72579844 9.8117942e-05
8         21 0.0084391328 3.3107188e-05  0.72370187 9.9350727e-05
8      21.25 0.0083531539 3.4011506e-05  0.72151652 0.00010138309
8       21.5 0.008295555 3.3458874e-05  0.71939029 0.00010046716
8      21.75 0.0081478568 3.4756886e-05  0.71732277 0.00010993313
8         22 0.0080757506 3.5772828e-05  0.71517961 0.00011452298
8      22.25 0.0079694315 3.3412083e-05  0.71306285 0.00011024091
8       22.5 0.0078896671 3.4593595e-05  0.71100245 0.00011138006
8      22.75 0.0078622979 3.3296165e-05  0.70884497 0.00011395656
8         23 0.0078454968 3.5201605e-05  0.70676685 0.00011354186
8      23.25 0.0077767198 3.7105853e-05  0.70477081 0.00011817846
8       23.5 0.0077652326 3.6189248e-05  0.70264511 0.00012481037
8      23.75 0.0077881215 3.7592873e-05   0.7005705 0.00012133543
8         24 0.0077157369 3.9285389e-05  0.69833744 0.00012526131
8      24.25 0.0078107236 3.9400349e-05  0.69624655 0.00013259501
8       24.5 0.0077849937 3.8575137e-05  0.69407045 0.00013343352
8      24.75 0.0078348108 4.0021837e-05  0.69204056 0.00014187741
8         25 0.0078959863 4.1687609e-05  0.69000713 0.00014088762
8      25.25 0.0079831299 4.2559673e-05  0.68775612 0.00014971154
8       25.5 0.0080138061 4.409323e-05    0.685681 0.00014616757
8      25.75 0.0081777411 4.4537513e-05  0.68353802 0.00014790789
8         26 0.0083815218 4.2445874e-05  0.68136024 0.00015614986
8      26.25 0.0084954932 4.6279401e-05  0.67910467 0.00015438892
8       26.5 0.0087146099 4.5418149e-05   0.6771261 0.00016452574
8      26.75 0.0090167652 4.5885261e-05  0.67483462 0.00016588469
8         27 0.0091430122 5.0945675e-05  0.67260619 0.00017099609
