0  
2.58496  
4  
5.08746  
5.58496  
4.32193  
0 0.5432802849123 0.027355525434935
1 1.1051775182437 0.0085735990756879
1.58496 1.1769587706051 0.010004942336204
2 1.2485448244624 0.0040120544312679
2.32193 1.1582270302882 0.0090922747622569
2.58496 1.3009662153754 0.0019116272713486
3 1.2933068894794 0.0035879253390536
3.16993 1.2594162404084 0.0046415282025074
3.45943 1.2081444010498 0.0077003711338165
3.70044 1.2098591856926 0.0077591538113766
4 1.329177666746 0.0024687496656331
4.24793 1.2505737409272 0.0052611040088232
4.45943 1.3005739700517 0.0045519589165444
4.70044 1.3131278660869 0.0013562418247937
5 1.3534702999839 0.00025805940298493
5.24793 1.3377705720171 0.002137743808748
5.49185 1.3514481127381 0.0026316540577874
5.72792 1.3420654887433 0.0020279039062075
6 1.3797508846467 0.0012695030292169
6.24793 1.3905237336839 0.0010868050998762
6.49185 1.405923770468 0.001442123304665
6.74147 1.4051522358572 0.0017432019293182
7 1.4292313704978 0.0013116786611429
7.24793 1.4421958783294 0.0016047145870006
7.49985 1.4566574739087 0.0011803419731097
7.74819 1.4709927404807 0.00074160230089526
8 1.4906042813691 0.0027390399438702
8.24793 1.5061443236041 0.0014185230600215
8.49985 1.524327521296 0.0025564425586731
8.74819 1.5470699331784 0.0024677051013988
9 1.5691155021798 0.0031127054570829
9.24793 1.5864190795341 0.00058260522463157
9.49985 1.6078997299295 0.0029737715737142
9.74987 1.6280983771995 0.0043141013907856
10 1.6525997580943 0.0029201123442326
10.2491 1.6730609548586 0.001777847970281
10.4998 1.6962410286235 0.0038681805946042
10.7499 1.7219635090376 0.0030612759603162
11 1.7477232211546 0.0033674024638496
11.2497 1.7691954796333 0.0057849512723095
11.4998 1.7954633601924 0.0046081093530258
11.7499 1.8171754070626 0.0027160257753586
12 1.8403368696889 0.0027324424994215
12.2497 1.8680959506361 0.004477173292885
12.4998 1.8958670541101 0.005003531508383
12.7499 1.923890145714 0.0045671090086334
13 1.9441503774836 0.0052607909093259
13.2499 1.9711056810332 0.0077353373766456
13.5 1.9981045096803 0.0077893394556448
13.75 2.0238514090891 0.0063878043353594
14 2.0553524206317 0.006363991081307
14.2499 2.0804146776759 0.005800764114798
14.5 2.1074458379938 0.0073465127477184
14.75 2.1308942071102 0.0092918397748141
15 2.1666421227013 0.0056492114977401
15.25 2.1839013892133 0.0052883492453127
15.5 2.2191130844568 0.0096477861164784
15.75 2.2455191824506 0.0086198919452351
16 2.2722367953031 0.0069460178762425
16.25 2.2993419295074 0.010548202355494
16.5 2.3304614057845 0.009497117873629
16.75 2.3545995418582 0.012116780442742
17 2.3925884292326 0.010292721557986
17.25 2.425127607155 0.007338519469572
17.5 2.456129367459 0.0091298340444207
17.75 2.4835365167577 0.011596310830874
18 2.516860409598 0.01097732286769
18.25 2.5513385262003 0.011437196976099
18.5 2.5823791720611 0.015051100560309
18.75 2.6152019043413 0.011869978847008
19 2.6420721743615 0.022145795071577
19.25 2.6763015075267 0.017538417787839
19.5 2.7081988631682 0.026498361310057
19.75 2.7507712303275 0.028913575489539
20 2.7806791827976 0.027793197903744
20.25 2.8162840099766 0.030254649406239
20.5 2.8629504254311 0.029956735763118
20.75 2.8826068762032 0.028822781314743
21 2.9325247081294 0.032307285577299
21.25 2.9699545011831 0.035284732650272
21.5 3.0134719712973 0.038489056074785
21.75 3.0529900885925 0.041923486012073
22 3.080674315879 0.032991173156629
22.25 3.1259166126763 0.039774986030541
22.5 3.1711552470505 0.037785747061601
22.75 3.2180460078371 0.040597072862486
23 3.2571534752592 0.037706708474583
23.25 3.3048708795401 0.035139260432752
23.5 3.3466692892874 0.045719055033014
23.75 3.3944220046093 0.036597144559035
24 3.4335170378707 0.041835414403609
24.25 3.4891980799083 0.045210817798858
24.5 3.5402033603708 0.049017137914087
24.75 3.5869594866731 0.04618064945042
25 3.644471835376 0.056184360519089
25.25 3.686885277988 0.050129114106324
25.5 3.7337036924505 0.058055657918705
25.75 3.7944794543962 0.06598760289418
26 3.8358994908279 0.066889569828421
26.25 3.8939828854127 0.06269350739426
26.5 3.9522479450491 0.064918893888874
26.75 4.0078355247938 0.057444227729656
27 4.0708026926903 0.070093169818776
27.25 4.1196954831199 0.071040029734539
27.5 4.1934497479144 0.060097915795973
27.75 4.239686328999 0.066710436204714
28 4.305466586507 0.081274917038923
