0  
2.58496  
4  
5.08746  
5.58496  
4.32193  
0 0.59548931071123 0.026349193587665
1 1.1119647323261 0.010299096473528
1.58496 1.1825472400173 0.0076170001609382
2 1.2495214482106 0.0042097695194469
2.32193 1.159016747215 0.011129627347602
2.58496 1.299731242903 0.0031923800472952
3 1.2935529512229 0.0031996048176815
3.16993 1.2598963791932 0.0063369711756209
3.45943 1.2086455641653 0.0076653830068278
3.70044 1.2121266013866 0.0080784855948917
4 1.3274647233381 0.0047880561471064
4.24793 1.2468978734426 0.0055824047435689
4.45943 1.2962759105975 0.0023848345383861
4.70044 1.3102883549418 0.0018373573374579
5 1.3474915119929 0.0039570110088251
5.24793 1.3317426728781 0.0005039048720373
5.49185 1.3471989165821 0.0029125352051682
5.72792 1.3358850495292 0.0028737986004132
6 1.3733754524216 0.001000889559234
6.24793 1.3810510099485 0.0016433565792561
6.49185 1.3979178829323 0.0011235362191469
6.74147 1.3965843821635 0.0012791421276135
7 1.4149385068087 0.0035344893601848
7.24793 1.427685468728 0.0012967123519641
7.49985 1.4407999864014 0.0016861227339205
7.74819 1.4547558125366 0.0021979018352612
8 1.4731613091281 0.0019114491418875
8.24793 1.4879528942534 0.0015098259068374
8.49985 1.5010592788494 0.0028367216057826
8.74819 1.520411572392 0.00151565756004
9 1.5386467112306 0.0017996988006847
9.24793 1.5565924998423 0.00085940895635089
9.49985 1.5734320836087 0.0016004019398884
9.74987 1.589723919679 0.0026432309632487
10 1.609831620629 0.0042499971867811
10.2491 1.6266658433213 0.0032900138737511
10.4998 1.6467033630761 0.0025184102184177
10.7499 1.6667057807236 0.0040240730811122
11 1.6821489283109 0.0038344917212099
11.2497 1.705954570657 0.0038029868928573
11.4998 1.7235603183435 0.0051061165851679
11.7499 1.7433824032794 0.0029810126575082
12 1.7680714446242 0.005639487292065
12.2497 1.7894786352773 0.0046667483411587
12.4998 1.8092584509615 0.0025034716186006
12.7499 1.8341037411922 0.0033463627100523
13 1.856211068886 0.0051381031002108
13.2499 1.8796218502112 0.0072777679660277
13.5 1.905219058498 0.0077006742607895
13.75 1.9249159740532 0.010581066660475
14 1.9492632580103 0.0062840879716013
14.2499 1.9764556628766 0.0083693189342843
14.5 1.9989753479559 0.0051161164475624
14.75 2.0252760819586 0.0054549292720968
15 2.0498350296443 0.0058882374642641
15.25 2.0834860045968 0.0069031556381064
15.5 2.1189522694224 0.0076736969854843
15.75 2.1382675137601 0.0076829230866239
16 2.1650547165417 0.0063208222488332
16.25 2.1929950106439 0.0069511202342843
16.5 2.2240851053244 0.0057672803659824
16.75 2.2451070748529 0.003966701913139
17 2.2786754034086 0.0063780073027835
17.25 2.3097241243595 0.0046392372766499
17.5 2.3494679518112 0.010079876327854
17.75 2.3718204958507 0.0094136165768836
18 2.4080542268935 0.0083622791728769
18.25 2.4369121812002 0.011092810306277
18.5 2.4738489575927 0.014928952758694
18.75 2.5159397822306 0.0064873964021448
19 2.55369115145 0.012641797733235
19.25 2.584654451799 0.0082615509305704
19.5 2.6220679323374 0.0088013299282856
19.75 2.6649066305047 0.017439430319597
20 2.701802530783 0.022537264380265
20.25 2.7378470086838 0.025748600081077
20.5 2.793994562891 0.014188475936639
20.75 2.8286605379799 0.016116376011249
21 2.868987871427 0.022841582725455
21.25 2.8945658957021 0.020638263250284
21.5 2.9503766853734 0.03172245465261
21.75 2.9952602025692 0.026563948555003
22 3.0464591931203 0.020165994160947
22.25 3.0788602081858 0.030679915091774
22.5 3.1446882599332 0.025078598299478
22.75 3.1937923541951 0.038615429089246
23 3.2330374597274 0.030329673366382
23.25 3.3003812642269 0.037607985202648
23.5 3.3499611836824 0.03139906486348
23.75 3.3984954629152 0.035837506532235
24 3.4596626703328 0.038273383936838
24.25 3.531183965555 0.039507402437101
24.5 3.5847870054721 0.048288371779477
24.75 3.6723604243856 0.036230948648925
25 3.7433220837807 0.04286160551165
25.25 3.8037736331659 0.038625904993002
25.5 3.8785475068662 0.044056014235131
25.75 3.9765710671723 0.053405464765066
26 4.057179690438 0.078486963774882
26.25 4.1499921362735 0.084841300840507
26.5 4.2225171081323 0.073263673550791
26.75 4.3367447220882 0.065692449394126
27.25 4.5906062070808 0.081125412763316
27.5 4.6940875251632 0.089424692128961
27.75 4.8357341522059 0.099448506213454
28 4.9754290535377 0.11075296063619
28.25 5.1096943086075 0.10999036018595
28.5 5.2773496596587 0.11018487400591
28.75 5.4822400192758 0.10318457707931
29 5.6287015972363 0.097275208337716
29.25 5.8434257653601 0.10862843544098
29.5 6.0464562551112 0.11365685656547
29.75 6.2702593046196 0.13876301270843
30 6.4873552628329 0.124170934806
