0  
2.58496  
4  
5.08746  
5.58496  
4.32193  
0 0.51589886970202 0.0095193173953704
1 1.1092187341998 0.0010200352591061
1.58496 1.1768211090312 0.0013456538632566
2 1.2524324185927 0.00035630276045004
2.32193 1.1743996322818 0.0021529013091207
2.58496 1.3089374050671 0.0011011191992382
3 1.3089570068665 0.0014079399811789
3.16993 1.2773172121118 0.00029206410704223
3.45943 1.2370988693125 0.0021418072424671
3.70044 1.2445004476626 0.00073913149541044
4 1.3573745247576 0.00050037662911791
4.24793 1.2918275807564 0.00024797228084572
4.45943 1.3404672513402 0.0011544217879842
4.70044 1.3570443999304 0.00079022126579625
5 1.3979320649757 0.0013354836895535
5.24793 1.3942701129014 0.00063412845577755
5.49185 1.4168557924316 0.0016613583371825
5.72792 1.419527904576 0.00092516164047109
6 1.4634232842869 0.0011081757473133
6.24793 1.4820658196118 0.00055123480648084
6.49185 1.5083407996473 0.0012934086343736
6.74147 1.5268477974875 0.00066826931901251
7 1.5591200476005 0.0027957357307387
7.24793 1.5866979820796 0.0015026938580517
7.49985 1.6212965688901 0.00055042632906209
7.74819 1.6560936068561 0.0012727326693188
8 1.6949363777904 0.00081148879799109
8.24793 1.7385459518856 0.00023201468324547
8.49985 1.781964792908 0.001237227368365
8.74819 1.8267384109444 0.001074878473864
9 1.8713066913391 8.2034035909909e-05
9.24793 1.9162443137606 0.0012914947541615
9.49985 1.9631840250526 0.00075260487850908
9.74987 2.0088124527413 0.00038718199731977
10 2.0536309062259 0.0013665345103362
10.2491 2.094737885587 0.0017674186413228
10.4998 2.1322441530547 0.0025675938936923
10.7499 2.1684663420072 0.0039486429574828
11 2.2018210972364 0.0020242301278123
11.2497 2.2324788765112 0.0018418740023137
11.4998 2.2648459201926 0.003652028345112
11.7499 2.2905202078046 0.0036512260147125
12 2.3137461346979 0.00079308823891067
12.2497 2.3359147246078 0.0018013885568069
12.4998 2.3571189166116 0.0022258035274178
12.7499 2.3782587213703 0.0014762374480798
13 2.3966662320246 0.0017870472354591
13.2499 2.4134579365068 0.00089234538815838
13.5 2.4274735211184 0.0006958829577806
13.75 2.4440498302677 0.0017978314040083
14 2.4602652632623 0.0024634917570847
14.2499 2.4730752358393 0.0031072993963753
14.5 2.4856312649877 0.0023974272322386
14.75 2.4974446037755 0.0040559570646596
15 2.5109466212933 0.0035464747632791
15.25 2.5240335345956 0.0037551755027855
15.5 2.5213999784014 0.0045834793008792
15.75 2.5328576415553 0.0039038537229364
16 2.5424236516368 0.0043810929992253
16.25 2.5552603116725 0.006728252820897
16.5 2.566971833874 0.0062447911591362
16.75 2.5782037105042 0.021209779465441
17 2.586481825201 0.0069972183156741
17.25 2.5972195118876 0.0060814381502024
17.5 2.6083012413055 0.0063788230008687
17.75 2.6556234293851 0.006130026438468
18 2.6361905028352 0.0061762576069712
18.25 2.6364084529633 0.0071419105474372
18.5 2.6469132151447 0.0060289927863531
18.75 2.655727588818 0.010107447597703
19 2.6679709669795 0.0043601842736441
19.25 2.6796764149496 0.0061280059998516
19.5 2.6898021945636 0.0045704606949213
19.75 2.7010192307973 0.019410671507815
20 2.7366851013467 0.0065178190225494
20.25 2.7143476400856 0.0051376553585761
20.5 2.7394977545417 0.0097332621938036
20.75 2.7334675257917 0.0029631264834851
21 2.7423758640638 0.0050676561488318
21.25 2.7548545423646 0.0049135767307319
21.5 2.7649693345773 0.0055540830262403
21.75 2.7714064254247 0.0030526391009658
22 2.7797063175744 0.0025380329582164
22.25 2.7898070667095 0.0046936841713085
22.5 2.7996145252916 0.0056802205335136
22.75 2.8103991248436 0.0088303579139417
23 2.8223172694814 0.0048116747546324
23.25 2.8442546546012 0.0062877258117141
23.5 2.841327940364 0.0034037644012112
23.75 2.84802307096 0.0037765880374619
24 2.8621988639049 0.0049483036504306
24.25 2.8684148437302 0.0031560807830561
24.5 2.8781075111408 0.0035917874077363
24.75 2.8857490350084 0.0026045193719574
25 2.894690743734 0.01193948664621
25.25 2.9069886743253 0.0036187460381829
25.5 2.9134485180284 0.0017772835108452
25.75 2.9234828821536 0.0016402750962761
26 2.9327084576573 0.0072637509021701
26.25 2.9407374331472 0.0041732475914626
26.5 2.9474964616491 0.0038721627057995
26.75 2.9583279812994 0.0034768584693269
27 2.9726376524136 0.0044427158447813
27.25 2.9785767851293 0.0049535083773123
27.5 2.98934637284 0.0046688913949768
27.75 3.0112990087425 0.015360854447038
28 3.020018667075 0.0042643955137697
