0  
2.58496  
4  
5.08746  
5.58496  
4.32193  
0 2.2395939423651 0.00048610644929922
1 2.2397380147943 0.00056207308768028
1.58496 2.2397144111184 0.00049560249059313
2 2.2397485659579 0.0004786647576494
2.32193 2.2399122643894 0.00049871340129107
2.58496 2.2399769864652 0.00060705801898747
3 2.2403726836896 0.0005702813530092
3.16993 2.2404196026349 0.00052388157102305
3.45943 2.240532044879 0.00047972331623614
3.70044 2.2408511008163 0.00058989629078869
4 2.2412794206494 0.0005212121098364
4.24793 2.2416183175727 0.0005503452921665
4.45943 2.2419775270759 0.00051678702496267
4.70044 2.2425703247028 0.00053178400994631
5 2.2433860407852 0.00056521267731541
5.24793 2.244351799728 0.00053977986539327
5.49185 2.2452646935547 0.00054227664181297
5.72792 2.2463752567157 0.00058423826638412
6 2.2477784817644 0.00052358928505235
6.24793 2.249477918715 0.0005464576751805
6.49185 2.2514237167306 0.00052775545471447
6.74147 2.2536736794416 0.00049531909932896
7 2.2565039486618 0.00054426991089642
7.24793 2.2589915700494 0.00044013908120668
7.49985 2.2625925146918 0.0004629473561648
7.74819 2.2669857899294 0.00040262574287641
8 2.2719320281513 0.00044647883373399
8.24793 2.2777701762872 0.00050063979794089
8.49985 2.2844387623364 0.00053445341564598
8.74819 2.2920510831673 0.00053490555166253
9 2.3006888359593 0.0006105502775148
9.24793 2.3102702580569 0.00062608847600413
9.49985 2.321369840473 0.0006741836017858
9.74987 2.3333963480532 0.00068890734972062
10 2.346887210634 0.0006499395608304
10.2491 2.3614433603764 0.0006073628523207
10.4998 2.3777199187184 0.00069650786956226
10.7499 2.3954028007919 0.00075694698858517
11 2.4140570849108 0.00070027600248064
11.2497 2.434281691924 0.00073593800479247
11.4998 2.4553438001227 0.00069300450350972
11.7499 2.4778096311717 0.00072801705882261
12 2.5013552885506 0.00079959525036247
12.2497 2.5256007826592 0.0007169540035275
12.4998 2.5507646550092 0.00097840796650603
12.7499 2.5770026620812 0.00098260689660678
13 2.6037586645462 0.0011395444718153
13.2499 2.6314603712958 0.0012243071109692
13.5 2.6590825425672 0.0012835505433086
13.75 2.6876205230138 0.0013066480338358
14 2.7164065270445 0.0013216452871947
14.2499 2.7453151403406 0.0012195878063524
14.5 2.7747571149775 0.0013620300506874
14.75 2.8049996806592 0.0012397478291754
15 2.8353987092176 0.0014564804757152
15.25 2.865940358318 0.0016099873950951
15.5 2.8972613413317 0.0015913232143759
15.75 2.928464670678 0.0015628045214455
16 2.9603793739196 0.0016908551321047
16.25 2.9921670250989 0.0016371130769211
16.5 3.0247030769873 0.0017638047426114
16.75 3.0574470052791 0.0016606223953008
17 3.0904689873554 0.0016901969248531
17.25 3.1239201476409 0.0019339506386695
17.5 3.1574013331265 0.0019482315061219
17.75 3.1913718612802 0.0020084931171892
18 3.2262922331231 0.0020506847363853
18.25 3.2609540705768 0.0022604800754461
18.5 3.2959578819818 0.0023604363561328
18.75 3.3315625696959 0.0027173729780493
19 3.3674157978377 0.0028490087712394
19.25 3.4042489025989 0.0027465049457038
19.5 3.4408137785283 0.0026500259723318
19.75 3.4782868485565 0.0026063542479425
20 3.5150084827525 0.0028795195520528
20.25 3.5536106235047 0.0029759760455653
20.5 3.5918881831785 0.0032910480916323
20.75 3.6304961471263 0.003328800882043
21 3.6702915831825 0.0034078815415116
21.25 3.7091349857081 0.0038686777543928
21.5 3.7496203645917 0.003988049710887
21.75 3.7897151020508 0.0041422752307981
22 3.8306931619941 0.0045267327532855
22.25 3.8718060619425 0.0045270043732081
22.5 3.9127243094131 0.0044361233387109
22.75 3.9549049949214 0.0043105753793717
23 3.9970087300555 0.0044806396444343
23.25 4.0399706310513 0.00430233195517
23.5 4.0822046386737 0.0046092928400243
23.75 4.1256591762501 0.0045677268172803
24 4.1695927225621 0.0053521369801262
24.25 4.2137428905486 0.0044005379901589
24.5 4.2580660965207 0.0048412624466572
24.75 4.303083020353 0.0047810084026261
25 4.3481234241589 0.0052398699663354
25.25 4.3935973830961 0.003657613787954
25.5 4.4395446772863 0.0054175111006779
25.75 4.4867496883713 0.0051844069011181
26 4.5337234859162 0.0051783594017916
26.25 4.580485267732 0.0060269152614268
26.5 4.6266558438503 0.0051473017205787
26.75 4.6745116687037 0.0056229984467975
27 4.7234139314444 0.0068155505088544
27.25 4.7717532057425 0.0066425387509141
27.5 4.8209120590993 0.0066849404447342
27.75 4.8708684903218 0.006324905835311
28 4.9193330878587 0.0073894968756266
