0  
2.58496  
4  
5.08746  
5.58496  
4.32193  
0 5.6036325644301 0.0073084366739905
1 5.6033554307832 0.0075561484537496
1.58496 5.6034054604359 0.0073806227455476
2 5.603612921906 0.007407874208652
2.32193 5.6035581169019 0.0074574830892866
2.58496 5.6035859522519 0.0074153690758203
3 5.6034235817309 0.0074823009383748
3.16993 5.6033057885136 0.0073310580011396
3.45943 5.6035324168609 0.0073928023572522
3.70044 5.6037525459538 0.0074120329005336
4 5.6036855612712 0.007403240162311
4.24793 5.6036970665738 0.0075018758604026
4.45943 5.6037640918329 0.007568279770457
4.70044 5.6037706213819 0.0073521100803506
5 5.6038803308766 0.0076483217882573
5.24793 5.6035633708427 0.0076126372558787
5.49185 5.6036219887373 0.0072943211638389
5.72792 5.6033016869746 0.0073572372793771
6 5.6035409468184 0.0074995441374948
6.24793 5.6034252772869 0.0074622102609745
6.49185 5.6035219745787 0.0073726032321731
6.74147 5.6030937738333 0.0074772495967561
7 5.6037269037512 0.007266092025252
7.24793 5.6039361019276 0.0072541340656113
7.49985 5.6038156384804 0.0081300115244249
7.74819 5.6035172033745 0.0073736226304442
8 5.6038117005481 0.0072954536757057
8.24793 5.6035603245696 0.007255765864343
8.49985 5.6036510879746 0.0074223184282332
8.74819 5.6038544040171 0.0075222375568409
9 5.6040497558602 0.0073902024172151
9.24793 5.6040680069149 0.0071915738135088
9.49985 5.6034373245632 0.0081241906825561
9.74987 5.6036115508135 0.0072134467573629
10 5.6033732405887 0.0074905868261743
10.2491 5.6030248214944 0.0074872840841045
10.4998 5.6033388632594 0.0076405067380793
10.7499 5.6035084404746 0.007625119213612
11 5.6033410824635 0.0074608862871145
11.2497 5.603641878101 0.0072310549718946
11.4998 5.6035227913721 0.0075365002597943
11.7499 5.6034886380638 0.0075692746331368
12 5.6032249831563 0.007750287328609
12.2497 5.6033580041132 0.0072581178915228
12.4998 5.6030984014469 0.0072465280236394
12.7499 5.6035644222572 0.0072227827239279
13 5.6039236716264 0.0074861845720727
13.2499 5.6033342384921 0.0076448749705772
13.5 5.6039457132503 0.0077217554318988
13.75 5.6034899127918 0.0074816757008367
14 5.6029124074379 0.0076068359866982
14.2499 5.6032648367634 0.0074874866131562
14.5 5.6032986482838 0.0072569437552472
14.75 5.6031530668212 0.0073744368400771
15 5.6033481109019 0.0075998501098089
15.25 5.6038372482775 0.0064863855895594
15.5 5.6034325710145 0.0072969294979811
15.75 5.6036814052401 0.0071508349818745
16 5.6033053448184 0.0074013362960296
16.25 5.6028303403233 0.0077528328522416
16.5 5.6023060847898 0.0075812375779602
16.75 5.6027885607167 0.0077269259640821
17 5.6035228812692 0.0075974523226539
17.25 5.603755047184 0.0075820763698215
17.5 5.6033443891204 0.0071238936486074
17.75 5.6034262391044 0.0079647889714907
18 5.60267534749 0.0077025877157886
18.25 5.6028214729629 0.00761351579256
18.5 5.6031569569438 0.00757224173772
18.75 5.6032620297688 0.008026035788667
19 5.6038340022791 0.0073747191386174
19.25 5.6033084400347 0.0078422049833579
19.5 5.6032368858026 0.0080340829275551
19.75 5.6039683021072 0.0075420331860045
20 5.6037437790006 0.007493472221858
20.25 5.6029242747148 0.0077383603119223
20.5 5.6032010067299 0.0075296753416911
20.75 5.6039393025591 0.0079572261715834
21 5.6039322504712 0.0080169713434637
21.25 5.6042184601125 0.0077293353984308
21.5 5.603335319834 0.0079130141847832
21.75 5.6037502725073 0.0076513923440768
22 5.6038453654944 0.0074580215986561
22.25 5.6037802020909 0.007658992010946
22.5 5.6040345813647 0.0075193959913555
22.75 5.6039234271047 0.0079929227525866
23 5.6047160805598 0.0079716650720504
23.25 5.60434887233 0.007440058672574
23.5 5.6040273645723 0.0075666640381298
23.75 5.6058657697262 0.0076796698145086
24 5.605198679464 0.0076934170718096
24.25 5.6058730365043 0.007177886872695
24.5 5.6063142441768 0.0074771779713576
24.75 5.6060079610548 0.007672781617944
25 5.607876424184 0.0079882801867251
25.25 5.6082838057576 0.0073568360303962
25.5 5.6083970763211 0.0078466744836094
25.75 5.609386853997 0.0082963242017324
26 5.6108368216213 0.0082143982799
26.25 5.6127904727298 0.0081945381772537
26.5 5.6140949961781 0.0077183315681338
26.75 5.6171668337527 0.0082895432388864
27 5.6188466267957 0.0082808082739635
27.25 5.62296077545 0.0075729966140435
27.5 5.6263809927562 0.0085663944336251
27.75 5.6313493905625 0.0078134038234096
28 5.636223188298 0.008040132000127
28.25 5.6425652490267 0.0081735425506001
28.5 5.6485777761303 0.0081733682008094
28.75 5.6554765082987 0.0075801893415723
29 5.6651174837724 0.0074814018788309
29.25 5.6738531508301 0.0076499234219922
29.5 5.6867200212476 0.0085333040025174
29.75 5.7006326647918 0.0079191043250803
30 5.7167062314127 0.0074306325704008
30.25 5.7341566854322 0.0074054641249924
30.5 5.75449395671 0.0080806390204708
30.75 5.7761277283417 0.0063265089790424
31 5.801359639901 0.0073193324767541
31.25 5.8179261840868 0.0015648490472535
