0  
2.58496  
4  
5.08746  
5.58496  
4.32193  
0 4.0829754717527 0.0048993231178012
1 4.0832230179559 0.0049102500168312
1.58496 4.0831322461368 0.0048828645262931
2 4.0829387936401 0.0048224170243293
2.32193 4.0832221594068 0.0047778770038547
2.58496 4.0832796329101 0.004879688295251
3 4.0829028486422 0.0047597851794739
3.16993 4.0831079947697 0.0047333064981966
3.45943 4.0830659871019 0.0047343952465887
3.70044 4.0829130807791 0.0047893262375254
4 4.0830252320688 0.0047832190197638
4.24793 4.0827692968047 0.0049134941877424
4.45943 4.082925880264 0.0048802760890471
4.70044 4.0830865225856 0.0049280680961172
5 4.0830333198387 0.0048364094263071
5.24793 4.0831913434589 0.0049124417359064
5.49185 4.0830112595053 0.0048180436366484
5.72792 4.0830231696385 0.0049148292036361
6 4.0828030270039 0.0048818679995785
6.24793 4.0831172361993 0.0048909055486654
6.49185 4.0828984653299 0.0049528462575847
6.74147 4.0828421378203 0.0047785274866476
7 4.0828463439077 0.0048363529037105
7.24793 4.0828915096501 0.0047350300222136
7.49985 4.0829059008837 0.004813080080613
7.74819 4.0828004850695 0.0047657098832698
8 4.0828613415227 0.0048344669375014
8.24793 4.0829492518367 0.0048231085425226
8.49985 4.0832196565774 0.0047770691160531
8.74819 4.0832033648936 0.0049143435616465
9 4.0832022911455 0.0048734900933641
9.24793 4.0831153740277 0.0048055215642559
9.49985 4.0830700259424 0.0047197814794299
9.74987 4.0827548840362 0.0040395748529514
10 4.0828748011597 0.0047866113232621
10.2491 4.082832599973 0.0050755110404289
10.4998 4.083058146694 0.0049108092452785
10.7499 4.0830663392735 0.0049380300817256
11 4.0832358057506 0.0048574836095181
11.2497 4.0831215518443 0.0048649991443618
11.4998 4.0830518660946 0.0049049181593622
11.7499 4.0829746432774 0.0048400751448194
12 4.0830714814271 0.0048809167070574
12.2497 4.0832624668598 0.0048869107583686
12.4998 4.0833457580915 0.0051672024961453
12.7499 4.0831334524782 0.0047391280837964
13 4.0829978662173 0.0052086332325822
13.2499 4.0835247748272 0.0048073023898653
13.5 4.0835592438127 0.0047841964020745
13.75 4.0834165613317 0.004757885666254
14 4.0832158404519 0.0051097081890125
14.2499 4.083395917941 0.0051584664894036
14.5 4.0836186114282 0.005007106295046
14.75 4.0836232635951 0.0046206449478955
15 4.0839275172242 0.0049467590816919
15.25 4.0839739862695 0.0061218092128308
15.5 4.0842646464194 0.005071466181649
15.75 4.0841180437621 0.0049487299625653
16 4.0845902184628 0.0050216182058174
16.25 4.0849011923482 0.0049023859994095
16.5 4.084966548383 0.0049770184842319
16.75 4.0852294923483 0.0049174743398844
17 4.0856611277162 0.0045755966007715
17.25 4.0865406938974 0.0049549874682168
17.5 4.0869625403678 0.0049116564589551
17.75 4.0877650870844 0.0051100936879882
18 4.0887207700806 0.0049275646303093
18.25 4.0899738097207 0.0047704127131375
18.5 4.0912517154607 0.0049932756203924
18.75 4.0921506791801 0.004971325136544
19 4.0938709469334 0.0046974521147335
19.25 4.0957492566111 0.0061381038082098
19.5 4.098231037434 0.004502975191696
19.75 4.101105004602 0.004784273751785
20 4.1044904304381 0.0049577902351069
20.25 4.1087640657958 0.0047440965504535
20.5 4.1126912070658 0.0048689409335886
20.75 4.1178663187579 0.0048397509050269
21 4.123746470326 0.0050416225130352
21.25 4.1306213861759 0.0047165506458082
21.5 4.1387597194054 0.0049002705367831
21.75 4.148273545683 0.0048120156215264
22 4.1589839143869 0.0050744087199851
22.25 4.1710308248787 0.0048208255884838
22.5 4.184371289719 0.0048671107873171
22.75 4.1997759555524 0.0051390546982267
23 4.2168313195146 0.0047434410334039
23.25 4.2363921727773 0.0051711637036768
23.5 4.2577563022356 0.0053449469890922
23.75 4.281516489793 0.0052537604540514
24 4.3067231812771 0.0055016955955748
24.25 4.3339072216759 0.0050644996322034
24.5 4.3627982218427 0.0053528597238825
24.75 4.393739866486 0.005303231789576
25 4.4264480850917 0.0056625788963207
25.25 4.4608655312493 0.0053705801745541
25.5 4.4968104446244 0.0056196955400625
25.75 4.5338658729654 0.0063416622161924
26 4.5740130335998 0.0061146868506142
26.25 4.613706174951 0.0058789373954742
26.5 4.6557563204256 0.0058736894872016
26.75 4.7003515354487 0.005794361817713
27 4.7445147804315 0.0066118057649804
27.25 4.7887153484732 0.0067661948567908
27.5 4.8345753703541 0.0067066802904367
27.75 4.8817547768781 0.0073382673601402
28 4.9289397559275 0.0071889689542836
