0  
2.58496  
4  
5.08746  
5.58496  
4.32193  
0 2.9090968252467 0.0013118276115504
1 2.9090766051199 0.0012959836041938
1.58496 2.9089451044898 0.001394309803306
2 2.9090549934219 0.0014226134080152
2.32193 2.9090646392685 0.0013880980388277
2.58496 2.9091421327923 0.001459202674107
3 2.9091398779827 0.0014624630084493
3.16993 2.9090668821262 0.0014641423224587
3.45943 2.908857459376 0.001597503603613
3.70044 2.9090566831413 0.0014367797861931
4 2.9089469766903 0.0015017010116788
4.24793 2.9089916196058 0.0014709203784927
4.45943 2.9092839977347 0.0012348501748329
4.70044 2.9091946503183 0.0015763339191119
5 2.9091491561768 0.0015086578264806
5.24793 2.909214095087 0.001460187783431
5.49185 2.9093294156214 0.0014088817410664
5.72792 2.9092989804568 0.0011495425965373
6 2.9092911851787 0.0015063769272524
6.24793 2.9092469321772 0.0014206071514598
6.49185 2.9094413590618 0.0014532980515812
6.74147 2.9094229379501 0.0014039988380783
7 2.9095988800708 0.0014371276572403
7.24793 2.9094324817138 0.0014027315764759
7.49985 2.9095868612279 0.0014586939899207
7.74819 2.9097741544238 0.001340800999806
8 2.9099664588511 0.0014206700595445
8.24793 2.9100579928502 0.0014912621896436
8.49985 2.9102184377796 0.0013690920867647
8.74819 2.9105826017423 0.0015862957636321
9 2.9108191865939 0.0014975239641417
9.24793 2.9112389905996 0.0014275559708549
9.49985 2.9116470227637 0.0015038138428408
9.74987 2.9123676548923 0.0014099242313309
10 2.9127782613649 0.0014880368118624
10.2491 2.9131826721772 0.0016189074088667
10.4998 2.9141656423978 0.0015005971203486
10.7499 2.9150419131302 0.0014631125785767
11 2.9162996819219 0.0015119838583175
11.2497 2.9177216027534 0.0015712132724237
11.4998 2.9193522432208 0.0014698442984375
11.7499 2.9211689327098 0.0014904430408328
12 2.9235102551111 0.0014783793143324
12.2497 2.9261802161067 0.0014919562672003
12.4998 2.9291633421292 0.0014475430888043
12.7499 2.9327143995557 0.0013143775479452
13 2.9368586489689 0.0013450070700501
13.2499 2.9418047305474 0.0013670119100216
13.5 2.9471504765603 0.0013105793476481
13.75 2.9536029989916 0.0013520506964674
14 2.9611798587183 0.0012800930140168
14.2499 2.9697061953377 0.0013964835103621
14.5 2.9793696082542 0.0012140902702311
14.75 2.9898195531663 0.00093671668282603
15 3.0021233073661 0.0012762460300103
15.25 3.0158113233911 0.0013050421150254
15.5 3.0309514462092 0.0013525634788379
15.75 3.0475082278316 0.0014510293055378
16 3.0653218633268 0.0013210935538577
16.25 3.0847251676082 0.0013932759957413
16.5 3.1057496498315 0.001458679557659
16.75 3.1283649160998 0.0014282779620446
17 3.1520150981959 0.0016488658131261
17.25 3.177406806005 0.0017193128819303
17.5 3.204183139466 0.0019366406567295
17.75 3.2321007978606 0.0015805221225078
18 3.2611563652729 0.001930495726946
18.25 3.2905626225985 0.0018587011163951
18.5 3.3214887857598 0.0019519556436056
18.75 3.3537491826096 0.0021759583431763
19 3.3863526411945 0.0021531344713557
19.25 3.4197361364051 0.0022301664410426
19.5 3.4548674896905 0.0024031606143244
19.75 3.4900231174461 0.0023426541501374
20 3.5260869635342 0.0024874891700697
20.25 3.5625462886959 0.0028714872775763
20.5 3.6000883910212 0.0028441383249016
20.75 3.6373216130654 0.0030982136052604
21 3.6757720965307 0.003596323082294
21.25 3.7151346908896 0.0035096411243349
21.5 3.7536796596254 0.0035317113261836
21.75 3.7931404869929 0.0035792134613245
22 3.8336831404504 0.0042472677043133
22.25 3.8750686325193 0.0041451956481305
22.5 3.9159588204361 0.0043312944077386
22.75 3.9572580463127 0.0043514848924749
23 3.9988111140657 0.0052379015334592
23.25 4.0413206107949 0.0051309627031482
23.5 4.0841196321751 0.004606123385473
23.75 4.1275066453378 0.0046349780606217
24 4.1713794444318 0.0048555701902023
24.25 4.2148860794035 0.0050622858556693
24.5 4.2588419190446 0.0054088335334482
24.75 4.3033417795449 0.0048954326913484
25 4.34757659386 0.0057049420247369
25.25 4.3934843013426 0.005807019004083
25.5 4.4395969275412 0.0054463756451641
25.75 4.4862716354587 0.0059966572689914
26 4.53237134728 0.0062705262365397
26.25 4.5800775376955 0.0065610306266159
26.5 4.6260314481531 0.0061945197938208
26.75 4.6732541134368 0.0064845639565422
27 4.7217549730179 0.0073639429206134
27.25 4.7687521697967 0.0075086921524863
27.5 4.8189711269418 0.008118054159127
27.75 4.8694025830366 0.0072816192292662
28 4.9184606448026 0.0083498192841687
