8  2.3502199 0.018968536 5.6903079e-05  0.82551938 1.7705858e-05
8  2.7924813 0.021025767 6.6313595e-05   0.8191906 1.8177585e-05
8  3.1239638 0.022272504 7.3332001e-05  0.81433254 2.0540787e-05
8  3.3906799 0.022293807 7.6623569e-05  0.80967448 2.0516061e-05
8  3.6427011 0.022845212 8.1351666e-05  0.80553005 2.0431222e-05
8          4 0.022550606 8.3952255e-05  0.80010531 2.1804413e-05
8  4.2089263 0.022963416 8.6178115e-05  0.79661953 2.1332506e-05
8  4.4756424 0.022241789 8.6373467e-05  0.79223458 2.2994898e-05
8  4.7141801 0.02214729 8.6799065e-05  0.78851919 2.3881911e-05
8          5 0.02205573 8.8527284e-05  0.78416664 2.5788589e-05
8  5.2479275 0.021704877 9.0282314e-05  0.78033546 2.755016e-05
8  5.4756424 0.021326775 8.8372403e-05  0.77693092 2.6529309e-05
8  5.7209534 0.02106588 8.7250083e-05  0.77323835 2.7160183e-05
8          6 0.020833251 8.6537043e-05  0.76916326 2.8733317e-05
8  6.2479275 0.020541505 8.6799945e-05  0.76551879 2.9731111e-05
8  6.4958495 0.020298872 8.5799905e-05  0.76202808 3.0163692e-05
8  6.7380567 0.020007227 8.4768258e-05  0.75862114 3.2108517e-05
8          7 0.019771505 8.5013992e-05  0.75494897 3.4878386e-05
8  7.2479275 0.019472747 8.1723367e-05  0.75153333 3.6082263e-05
8  7.4958495 0.019262832 8.2058784e-05  0.74817485 3.5517628e-05
8  7.7448299  0.0189852 8.1884674e-05  0.74485774 3.8228343e-05
8          8 0.018780978 8.0733188e-05  0.74146832 3.7313475e-05
8  8.2479275 0.018593865 7.9164625e-05  0.73825415 3.817748e-05
8  8.4998459 0.018355442 7.5927547e-05  0.73501871 3.8738736e-05
8  8.7490311 0.018178197 7.5761081e-05  0.73191766 3.9931204e-05
8          9 0.017983569 7.2221453e-05   0.7286949 4.0848161e-05
8  9.2485205 0.017760817 6.9932553e-05  0.72554986 4.1962416e-05
8  9.4998459 0.017622576 6.8026075e-05  0.72249463 4.4711494e-05
8  9.7490311 0.017493815 6.5258091e-05  0.71944119 4.489821e-05
8         10 0.017304767 6.4037473e-05  0.71639791 4.6670745e-05
8  10.248817 0.017103492 6.3544907e-05   0.7135019 5.0415019e-05
8  10.499846 0.016959657 6.0767971e-05  0.71049034 5.1404799e-05
8  10.749869 0.016836808 5.9574045e-05  0.70757898 5.4046363e-05
8         11 0.016677466 6.0551281e-05     0.70465 5.1754585e-05
8   11.24941 0.016550273 5.8728867e-05  0.70179531 5.4355289e-05
8  11.499846 0.016438141 5.8657505e-05  0.69897157 5.61732e-05
8  11.749869 0.016268472 5.6179197e-05   0.6961002 5.5951134e-05
8         12 0.016098562 5.4404952e-05  0.69330983 5.9029351e-05
8   12.24978 0.015962577 5.7534006e-05  0.69060013 5.954814e-05
8  12.499908 0.015850373 5.6595247e-05  0.68777642 6.3536998e-05
8  12.749922 0.015742774 5.708654e-05  0.68512096 6.5255813e-05
8         13 0.015618261 5.6079879e-05  0.68244853 6.7561998e-05
8  13.249817 0.015558909 6.019821e-05  0.67979774 7.1583871e-05
8  13.499908 0.015363913 5.8687626e-05  0.67715319 6.8823546e-05
8  13.749922 0.015389003 5.8113478e-05  0.67445089 7.4935571e-05
8         14 0.015295543 6.2220508e-05  0.67185209 7.4177306e-05
8   14.24991 0.015195824 6.3220163e-05  0.66924175 7.9361466e-05
8   14.49997 0.015144445 6.123471e-05   0.6667051 8.0903618e-05
8  14.749974 0.015036719 6.6966432e-05  0.66403343 8.5100196e-05
8         15 0.014905687 6.749433e-05  0.66150662 8.6805996e-05
8  15.249956 0.014916076 6.7172926e-05  0.65900698 8.7524789e-05
8  15.499978 0.014818663 7.4571641e-05  0.65644883 8.8903865e-05
8  15.749981 0.014708705 7.0744117e-05  0.65390842 8.9334369e-05
8         16 0.014577606 7.5168977e-05  0.65150206 9.5755632e-05
8  16.249979 0.014616663 7.3711958e-05  0.64888902 9.4067463e-05
8  16.499982 0.014430295 7.6739488e-05   0.6464962 9.9673933e-05
8  16.749984 0.014416719 8.2305081e-05  0.64398396 9.6391758e-05
8         17 0.014370934 7.9293109e-05   0.6416434 0.00010123235
8  17.249991 0.014184215 8.2461404e-05  0.63909634 0.00010228744
8  17.499992 0.01426611 9.1791169e-05  0.63679666 0.00010336724
8  17.749992 0.01416127 8.7024524e-05  0.63427746 0.00010995774
8         18 0.014202048 9.0214935e-05  0.63193433 0.00010710518
8  18.249996 0.014037942 9.1907651e-05  0.62957432 0.0001131759
8  18.499997 0.014233134 9.1825403e-05  0.62706667 0.00012384046
8  18.749996 0.014122206 9.5062642e-05  0.62469186 0.0001209421
8         19 0.014020919 9.8836136e-05  0.62228824 0.00012871459
8  19.249999 0.014108974 0.00010343425  0.61995474 0.00012920578
8  19.499999 0.014054208 0.00010750683  0.61737575 0.00013468771
8  19.749998 0.013943709 0.00011104267  0.61499225 0.00013421614
8         20 0.013910373 0.0001105492  0.61277033 0.00014199095
8      20.25 0.014038426 0.00011449029  0.61026828 0.00014636418
8       20.5 0.013882347 0.00011972404  0.60781032 0.00014485463
8  20.749999 0.013530815 0.00011452179  0.60556043 0.00015442619
8         21 0.013815493 0.00011685369  0.60317166 0.00015581386
8      21.25 0.013522458 0.00012184046  0.60062635 0.00015380152
8       21.5 0.013307575 0.00012440098  0.59822234 0.00016566972
8      21.75 0.013379176 0.00012420447    0.596287 0.00015869476
8         22 0.013284978 0.00013122292  0.59362382 0.00016916534
8      22.25 0.013149051 0.00013559564  0.59148014 0.00017453061
8       22.5 0.013012901 0.00014131942  0.58926921 0.00018748127
8      22.75 0.013399365 0.00014018654  0.58686298 0.00018646302
8         23 0.013186246 0.0001477445  0.58454471 0.00020125764
8      23.25 0.01335026 0.00014489243  0.58212088 0.00021355653
8       23.5 0.013506364 0.00014313813  0.57983892 0.00021649584
8      23.75 0.013552886 0.00015167357  0.57728296 0.0002211351
8         24 0.013464534 0.00016875886  0.57483354 0.00024134944
8      24.25 0.013607018 0.00016785041  0.57236877 0.00022905202
8       24.5 0.013827521 0.00015848178  0.56983724 0.00023538785
8      24.75 0.013749126 0.00017421637  0.56725478 0.00024557102
8         25 0.013757299 0.00018489156  0.56495753 0.00024269787
8      25.25 0.013674916 0.00017420151  0.56219658 0.00024189649
8       25.5 0.013846679 0.00017678758  0.55945506 0.00026140738
8      25.75 0.014107948 0.00018285286  0.55686725 0.00027148401
8         26 0.014398183 0.00019509095  0.55425084 0.00028197618
8      26.25 0.014482149 0.00019480215  0.55174936 0.00027926669
8       26.5 0.014518969 0.00020267576  0.54876676 0.00030017091
8      26.75 0.014740732 0.00019848606  0.54556747 0.00031670437
8         27 0.01476068 0.00020081916  0.54260728 0.00032907378
8      27.25 0.015541796 0.00020109919  0.53945599 0.00033513337
8       27.5 0.015718762 0.00020661217  0.53638358 0.00036494121
8      27.75 0.015993956 0.00020993745  0.53314698 0.00035707952
8         28 0.016444161 0.00022942946  0.53019809 0.00038613182
8      28.25 0.016903188 0.0002209384  0.52601533 0.00039903594
8       28.5 0.017860439 0.00023534791  0.52229934 0.00041080972
8      28.75 0.018446835 0.00022513207  0.51810525 0.00043169276
8         29 0.019296688 0.00023050993  0.51379294 0.00046595957
8      29.25 0.019457015 0.00022478758  0.50915076 0.00047145045
8       29.5 0.020031802 0.00021227275  0.50347749 0.00052796561
8      29.75 0.020301382 0.00019538624  0.49819751 0.00054525228
8         30 0.020127252 0.0001912962  0.49253304 0.00060190157
8      30.25 0.020366177 0.00017813166  0.48662009 0.00059533835
8       30.5 0.019773922 0.00020983545  0.48011805 0.00062889354
8      30.75 0.019619296 0.00025570446  0.47343623 0.0006410987
8         31 0.019335694 0.00034777153   0.4675498 0.00066459171
