0  
2.58496  
4  
5.08746  
5.58496  
4.32193  
0 0.35192559255384 0.012255061655908
1 1.1028690422999 0.0021902884176227
1.58496 1.1639381520266 0.001802914856898
2 1.2373589893217 0.0010474443666537
2.32193 1.1089803775013 0.0012090673732879
2.58496 1.299896611107 0.001455400071009
3 1.2856391053878 0.00082613102818765
3.16993 1.2376217551232 0.0027621918824582
3.45943 1.11875039954 0.0021338943041487
3.70044 1.1091490683285 0.0029016865637191
4 1.3269228780775 0.00094022672704026
4.24793 1.1349626313096 0.0015760635248809
4.45943 1.2353629450626 0.00042856832275664
4.70044 1.24514951142 0.0011271213311504
5 1.3439165553822 0.0010977842522665
5.24793 1.2505671120818 0.0016047911977245
5.49185 1.3420311972051 0.0034745627867289
5.72792 1.1922970432061 0.0016906535280372
6 1.3819438454169 0.00065790085376085
6.24793 1.3629116487487 0.0014981096190321
6.49185 1.4454981772139 0.00021090229528342
6.74147 1.2472968362571 0.001262471258452
7 1.3810892810779 0.00057151490650326
7.24793 1.3881386227747 0.0018447270169071
7.49985 1.343405480862 0.023389637945385
7.74819 1.3263543803474 0.0086607614114821
8 1.4877918625777 0.052245503594038
8.24793 1.4349865998854 0.011799448709449
8.49985 1.3901081820206 0.0015213116383844
8.74819 1.4231738967278 0.0048684196718156
9 1.4356750255143 0.00076745094648205
9.24793 1.4458889033601 0.0020786763859492
9.49985 1.4651214071636 0.0021939296685184
9.74987 1.4676392874326 0.002891786374706
10 1.494612226068 0.00058281080174691
10.2491 1.5077407027829 0.0016970136939195
10.4998 1.5340661790802 0.00070696632066691
10.7499 1.5583632938847 0.0020201261305279
11 1.5838918546654 0.0014723119989378
11.2497 1.6117805398915 0.00042922375612888
11.4998 1.6446520536629 0.0021142961110158
11.7499 1.6787396759437 0.0026706728717206
12 1.7168355469909 0.0014723200799708
12.2497 1.7570910099266 0.0018481211758021
12.4998 1.8064226159484 0.0020194633475889
12.7499 1.8519707544904 0.001106389931601
13 1.9051769811487 0.0027509052309959
13.2499 1.9582183742195 0.0014590987810259
13.5 2.0188618000529 0.0024464635712409
13.75 2.0853860545313 0.003779046104267
14 2.1498092859021 0.0030518891384935
14.2499 2.217685453974 0.0031424740916705
14.5 2.2840295423053 0.002808681047017
14.75 2.3512943834786 0.0053645442065349
15 2.4203497927151 0.0051094656123124
15.25 2.4820644222511 0.0042324159436885
15.5 2.5427807270599 0.0043961732250725
15.75 2.5993165954567 0.0045685510723355
16 2.6516304413487 0.0035157256670108
16.25 2.6981598425191 0.0030155514616789
16.5 2.7360062704541 0.0056235116716779
16.75 2.7714174161291 0.0057385339070744
17 2.8021298722565 0.0024167592099473
17.25 2.8273868992368 0.0026817159327515
17.5 2.8456360277361 0.0088869368546275
17.75 2.8655814309073 0.010307878048045
18 2.8771048567622 0.0091980172105247
18.25 2.8891717247018 0.0054917154858032
18.5 2.8997593043131 0.0063997516794081
18.75 2.9098449175551 0.007116499827809
19 2.9140710729466 0.0074069732327512
19.25 2.9131346705919 0.0060897887286501
19.5 2.9195022943333 0.006009409425074
19.75 2.9199045691114 0.0049828682800798
20 2.9175004052187 0.0032696659394176
20.25 2.9187475008782 0.0052505397625818
20.5 2.9215319979317 0.0026935415581187
20.75 2.9227301771501 0.0018196405203773
21 2.9228697053071 0.0038369951839402
21.25 2.9245273179393 0.0022244182548607
21.5 2.9257676899865 0.0025215615199592
21.75 2.9250240940586 0.0019696578062463
22 2.9258905948325 0.00080234044596647
22.25 2.924536007265 0.0027862898152665
22.5 2.9299584396169 0.0014174436163891
22.75 2.9281386123673 0.0033645005975089
23 2.9278442232059 0.0022593410892058
23.25 2.9324902433313 0.0035841479768273
23.5 2.9338605329603 0.0046540533344566
23.75 2.9383184094004 0.0036185782540126
24 2.9389278724713 0.0032491658018135
24.25 2.9440159099749 0.0034105594432318
24.5 2.9469863134354 0.0051826695674531
24.75 2.9521839335456 0.0058163439728412
25 2.9537742790031 0.0069611493277664
25.25 2.9593708796756 0.0061064854614076
25.5 2.963041882817 0.0061815816614304
25.75 2.9526218567912 0.0075422918345359
26 2.955996671774 0.0089074095189343
26.25 2.9582817117172 0.0082266362470374
26.5 2.965248741928 0.021435246323197
26.75 3.0068571508697 0.0079725003010243
27 3.0120525575134 0.034228719329273
27.25 2.9739253238366 0.010820808656459
27.5 2.9812636285545 0.0081898392246308
27.75 2.9873274583897 0.009104891325541
28 2.9902268006171 0.010656415768238
