0  
2.58496  
4  
5.08746  
5.58496  
4.32193  
0 0.20060425890421 0.0089642661687169
1 1.0923936134929 0.00095041183351407
1.58496 1.1598278343544 0.00052301487179799
2 1.2398182632923 0.0014995235435
2.32193 1.1261745791291 0.00096507013426474
2.58496 1.3069883643295 0.00099848944090908
3 1.3006309916351 0.00078927087582911
3.16993 1.2557164033644 0.00072562357650778
3.45943 1.1570999036004 0.0023275529751655
3.70044 1.1518886574541 0.00080002274672957
4 1.3592108524059 0.0010184004692751
4.24793 1.1932274962925 0.0025641772974265
4.45943 1.2825102754174 0.00028854794222418
4.70044 1.3010729089486 0.00015873493625787
5 1.4052469152894 9.3842659147799e-05
5.24793 1.3264661195415 0.0012567694966724
5.49185 1.4280876367134 0.002232742012594
5.72792 1.3179350724084 0.0021238389225902
6 1.4923910542644 0.00037186801270175
6.24793 1.4906479561686 0.00089471081211516
6.49185 1.5742229016511 0.0010717667606202
6.74147 1.4436766900172 0.00039593580182796
7 1.5649766750384 0.0017325996472931
7.24793 1.5854598983761 0.00019514436751619
7.49985 1.5815495023385 0.0013311003140188
7.74819 1.5949954359698 0.0017104769854333
8 1.7290920297682 0.00082219553126061
8.24793 1.7167561318899 0.00094131644989785
8.49985 1.7110528423572 0.00080740429352547
8.74819 1.7584365478158 0.00086074687708289
9 1.7951717389565 0.00027785480496229
9.24793 1.825021673984 0.00090663394986715
9.49985 1.8578970221303 0.001151439448841
9.74987 1.881443045273 0.0015949328995259
10 1.9158669083643 0.001222480563948
10.2491 1.9413320575002 0.0013883123507593
10.4998 1.9688377254137 0.00063986063954706
10.7499 1.9948275091947 0.0011387576327119
11 2.0213448849048 0.0023941020607081
11.2497 2.0427583885877 0.0013918538060378
11.4998 2.0635630907865 0.0013702901418143
11.7499 2.0803644578662 0.0021827931193855
12 2.0965550816707 0.002413429329581
12.2497 2.1111934603361 0.0014746963130087
12.4998 2.1247683036042 0.0016051993585561
12.7499 2.135939284036 0.0013964603258103
13 2.1457509144719 0.0032437650445421
13.2499 2.1558721587319 0.0012958050942471
13.5 2.1634958459964 0.0027299295456923
13.75 2.1685145471551 0.0048044417241005
14 2.1742175264577 0.004095076900623
14.2499 2.1788238211401 0.0051376538178209
14.5 2.1839632116922 0.0051630859519243
14.75 2.1873901738708 0.0052036182459768
15 2.1920339105895 0.0034203957916446
15.25 2.1957640688787 0.003559103279169
15.5 2.1995254011211 0.0033115465457658
15.75 2.2044066493112 0.0038193343394568
16 2.2064109897255 0.0029458174405387
16.25 2.2106663736013 0.0038592331263138
16.5 2.2113678809634 0.0026924533110712
16.75 2.2161029210007 0.0031653156565219
17 2.2174570721433 0.0013621945873242
17.25 2.221563610243 0.0013710403014767
17.5 2.2247478574165 0.00032206479227734
17.75 2.2255387462343 0.001207265069938
18 2.2277620690525 0.00097736389363078
18.25 2.2308980552476 0.00054818741356148
18.5 2.2344637681436 0.0012034269067828
18.75 2.2385236784889 0.0014481764835117
19 2.2424775190324 0.0015925215609443
19.25 2.2442556021718 0.002422403041028
19.5 2.2474627178732 0.0010917824979555
19.75 2.2458812557802 0.0023084416325043
20 2.2618536767448 0.0076711474596863
20.25 2.2536930595045 0.0018076308476232
20.5 2.2573964318618 0.0034689066076231
20.75 2.2602458046666 0.0030827617179014
21 2.2667522227317 0.002003319792523
21.25 2.2718117742257 0.0018119376593177
21.5 2.2757391522537 0.0012414704994351
21.75 2.2798360556808 0.012245879792328
22 2.2822270676535 0.012699914177067
22.25 2.2855199538064 0.01341359687944
22.5 2.2847257737936 0.0018924605136656
22.75 2.2880558983422 0.0017511657445466
23 2.2928473410198 0.003364918363485
23.25 2.2983944175899 0.0033364883731205
23.5 2.3013428920799 0.0027172806319422
23.75 2.3039906811927 0.003256255296019
24 2.3096711572915 0.0038766489453078
24.25 2.3163482652386 0.0024908701803867
24.5 2.3210086532093 0.0035913705456269
24.75 2.3257288634368 0.0062337704351557
25 2.3306982374105 0.004444900732571
25.25 2.3360145542031 0.0042706642893777
25.5 2.3415165284245 0.0046039143262915
25.75 2.3462490892541 0.0050064001047518
26 2.3516153375502 0.0039001689692778
26.25 2.3549090118179 0.0036927662119124
26.5 2.3601501987297 0.012229314693468
26.75 2.3661468559364 0.01422624145961
27 2.3706661720492 0.0034003404137219
27.25 2.3743928934853 0.015272136661133
27.5 2.378212250493 0.0045384770146569
27.75 2.3849805818527 0.0073779736677143
28 2.3902720155395 0.003561934939234
