8  2.3502199 0.019077952 1.5215495e-05  0.82811771 1.7966951e-05
8  2.7924813 0.021216598 1.8413507e-05  0.82199004 1.7998359e-05
8  3.1239638 0.022514707 1.9221963e-05  0.81728084 2.0484649e-05
8  3.3906799 0.02253606 2.0406968e-05  0.81272274 2.0184307e-05
8  3.6427011 0.023130771 2.0683014e-05  0.80868957 2.1133431e-05
8          4 0.022867499 2.1007804e-05  0.80341964 2.4197667e-05
8  4.2089263 0.023285502 2.2336156e-05  0.80001777 2.3121478e-05
8  4.4756424 0.022544767 2.4587387e-05  0.79579928 2.4245755e-05
8  4.7141801 0.022443464 2.498999e-05  0.79221535 2.5772251e-05
8          5 0.022359731 2.6113503e-05  0.78801296 2.5129339e-05
8  5.2479275 0.021951554 2.8212666e-05  0.78435011 2.6843224e-05
8  5.4756424 0.021567652 2.7464207e-05  0.78105724 2.7451186e-05
8  5.7209534 0.021317239 2.8120733e-05  0.77752407 2.8702267e-05
8          6 0.021021051 2.8672711e-05  0.77359479 2.9881078e-05
8  6.2479275 0.02052243 2.9029049e-05   0.7701392 3.2861801e-05
8  6.4958495 0.020255709 3.0299357e-05   0.7668223 3.1537801e-05
8  6.7380567 0.019985242 3.0165025e-05  0.76354474 3.1752206e-05
8          7 0.019638838 2.8948282e-05  0.76010155 3.4091728e-05
8  7.2479275 0.019345063 2.9462734e-05  0.75712616 3.4580893e-05
8  7.4958495 0.019113172 3.0660372e-05  0.75392114 3.7214559e-05
8  7.7448299 0.018796317 3.0498079e-05  0.75073253 3.6696839e-05
8          8 0.018515077 3.2992969e-05  0.74760837 3.7547848e-05
8  8.2479275 0.018438009 3.311809e-05  0.74455926 3.9243542e-05
8  8.4998459 0.018133553 3.3971314e-05  0.74151764 3.838719e-05
8  8.7490311 0.017804244 3.4585533e-05  0.73858013 4.0715524e-05
8          9 0.017620351 3.5278346e-05  0.73565999 4.2299569e-05
8  9.2485205 0.017339777 3.3976602e-05  0.73278937 4.2068019e-05
8  9.4998459 0.017119759 3.833812e-05  0.72994979 4.3473652e-05
8  9.7490311 0.016842782 3.8131257e-05  0.72720057 4.6672319e-05
8         10 0.016644185 3.9945348e-05  0.72437762 4.6832212e-05
8  10.248817 0.016402146 4.2609885e-05  0.72169169 4.566314e-05
8  10.499846 0.01623096 4.1084678e-05   0.7189526 5.0481377e-05
8  10.749869 0.016066579 4.378231e-05  0.71637198 4.9760886e-05
8         11 0.015844079 4.3478474e-05  0.71372173 5.1203322e-05
8   11.24941 0.015719135 4.5976454e-05   0.7111586 5.3414256e-05
8  11.499846 0.01555714 4.6577471e-05  0.70855074 5.3589872e-05
8  11.749869 0.015475202 4.9294937e-05  0.70600435 5.7117229e-05
8         12 0.01537785 4.9997387e-05  0.70347811 5.5615166e-05
8   12.24978 0.015353173 4.9573708e-05  0.70093973 5.6744007e-05
8  12.499908 0.015233996 5.1197886e-05  0.69841538 5.6650794e-05
8  12.749922 0.01520527 5.3466739e-05  0.69593353 6.3143661e-05
8         13 0.015229367 5.4213299e-05  0.69340135 6.2154011e-05
8  13.249817 0.015184412 5.7585979e-05  0.69085437 6.154812e-05
8  13.499908 0.015037987 5.9140221e-05  0.68839417 6.3079433e-05
8  13.749922 0.015107442 6.5407696e-05  0.68587101 6.8262905e-05
8         14 0.015098686 6.2767949e-05  0.68329687 6.7838303e-05
8   14.24991 0.015037805 6.1825554e-05  0.68079904 7.2483518e-05
8   14.49997 0.015085831 6.6058052e-05  0.67845121 7.5362998e-05
8  14.749974 0.01507833 7.1163936e-05  0.67585638 7.8351776e-05
8         15 0.015050159 6.6109703e-05  0.67331391 7.7472815e-05
8  15.249956 0.015015628 7.0349581e-05  0.67082272 7.8942019e-05
8  15.499978 0.015197089 7.3868088e-05  0.66827379 8.0275804e-05
8  15.749981 0.015167425 7.1696779e-05  0.66573329 8.4235556e-05
8         16 0.015243132 7.7166293e-05  0.66316777 8.4317792e-05
8  16.249979 0.015408205 7.8183369e-05    0.660685 8.6813886e-05
8  16.499982 0.015378134 8.112607e-05    0.658062 9.0431869e-05
8  16.749984 0.015474414 8.6266353e-05  0.65547107 9.2308484e-05
8         17 0.015465666 8.7784099e-05  0.65278838 9.5515866e-05
8  17.249991 0.015548201 8.7161011e-05  0.65003312 9.7183773e-05
8  17.499992 0.015688404 9.3944216e-05  0.64748269 0.00010169416
8  17.749992 0.015625824 9.2733228e-05  0.64476573 0.00010181831
8         18 0.015590753 9.5669214e-05  0.64216437 0.00011080312
8  18.249996 0.015562565 0.00010225935  0.63951913 0.0001108602
8  18.499997 0.015670278 9.7307027e-05  0.63664818 0.0001153181
8  18.749996 0.015568953 0.00010087866  0.63408684 0.00011964479
8         19 0.015753766 0.00010904597  0.63139121 0.00012373752
8  19.249999 0.015796395 0.00010862254  0.62860865 0.00013128956
8  19.499999 0.015626587 0.00011502203  0.62584304 0.00013085316
8  19.749998 0.015835716 0.00011302811  0.62319597 0.00014089013
8         20 0.01567911 0.00012131244  0.62026173 0.00013901842
8      20.25 0.015660821 0.00012445324  0.61747817 0.00014036338
8       20.5 0.015599986 0.00011670852  0.61476017 0.00014790479
8  20.749999 0.015558017 0.00012415779  0.61181779 0.00016290833
8         21 0.015361253 0.00012636422   0.6092558 0.00015895035
8      21.25 0.015148478 0.00012887356    0.606402 0.00017055493
8       21.5 0.015023459 0.000128925  0.60362333 0.00016908506
8      21.75 0.014680839 0.00013154254  0.60093658 0.00017443654
8         22 0.014708874 0.0001394534  0.59817462 0.00018552774
8      22.25 0.014634689 0.00014101917  0.59559109 0.00019138156
8       22.5 0.01450832 0.00013342891  0.59294425 0.00019063075
8      22.75 0.014591786 0.0001433897  0.59038533 0.00019538435
8         23 0.014273151 0.00015133353  0.58766775 0.00020456124
8      23.25 0.014248563 0.00014794962  0.58479397 0.00021240646
8       23.5 0.014066251 0.00014279289  0.58207405 0.00022226122
8      23.75 0.014057064 0.00015691635   0.5791257 0.00022217392
8         24 0.013776804 0.00016072736  0.57671185 0.0002362515
8      24.25 0.013732946 0.00016053171  0.57402957 0.00022997196
8       24.5 0.013459363 0.0001635093  0.57152253 0.00023376479
8      24.75 0.013408076 0.00017649311  0.56883346 0.00024799858
8         25 0.013517369 0.00018409985  0.56640193 0.00025721611
8      25.25 0.013563893 0.00016694798  0.56342602 0.00025613106
8       25.5 0.013781196 0.00016641554  0.56097903 0.00026610591
8      25.75 0.013972407 0.00019189461  0.55792645 0.0002746264
8         26 0.014158461 0.00017811306   0.5551725 0.00029213312
8      26.25 0.014141472 0.0001875452  0.55222586 0.00028702643
8       26.5 0.014577824 0.00018463766  0.54917005 0.00030242937
8      26.75 0.014790955 0.00020036553  0.54594652 0.00032598878
8         27 0.015116846 0.00019554975  0.54299423 0.0003428477
8      27.25 0.015399983 0.00020108826  0.53978811 0.00033712821
8       27.5 0.015590384 0.00019741356  0.53634505 0.00034752571
8      27.75 0.016149372 0.00020431416  0.53260543 0.00038947185
8         28 0.016575758 0.00021899944  0.52896212 0.00038869271
8      28.25 0.016932208 0.00021522747  0.52514915 0.00040842008
8       28.5 0.017285357 0.00022597028  0.52135242 0.00040454206
8      28.75 0.017449641 0.00022914554   0.5166114 0.00043345984
8         29 0.018451507 0.00022478869  0.51237245 0.00047477963
8      29.25 0.018603984 0.00022090829  0.50791582 0.00048725581
8       29.5 0.019289904 0.00021439025  0.50311327 0.00052801064
8      29.75 0.019335355 0.00021228573  0.49827567 0.00053807383
8         30 0.019830215 0.00021157541  0.49157208 0.00058272423
8      30.25 0.019975302 0.00020443425   0.4864192 0.00061297337
8       30.5 0.019964818 0.00020896292  0.47983754 0.00063744658
8      30.75 0.019983974 0.00021841387  0.47338256 0.00066494977
8         31 0.019195086 0.00024517919  0.46613059 0.00071993519
