8  2.3502199 0.0061179936 6.8387386e-06  0.88154239 1.4427212e-05
8  2.7924813 0.0083143165 7.9598179e-06  0.87944572 1.3929393e-05
8  3.1239638 0.010093651 8.8124801e-06  0.87779535 1.509692e-05
8  3.3906799 0.010812616 8.8469488e-06  0.87499077 1.4672983e-05
8  3.6427011 0.011837321 9.1024814e-06  0.87262745 1.5065656e-05
8          4  0.0112927 9.7693913e-06  0.87088315 1.6629642e-05
8  4.2089263 0.012994483 9.8207913e-06  0.86861395 1.6599724e-05
8  4.4756424 0.011287193 9.7079409e-06   0.8657206 1.7659352e-05
8  4.7141801 0.011697954 1.0185677e-05  0.86396942 1.7311625e-05
8          5 0.01280833 1.1453244e-05  0.86202237 1.8960153e-05
8  5.2479275 0.012374825 1.1153534e-05  0.85951002 1.8736776e-05
8  5.4756424 0.011786578 1.1896076e-05  0.85788406 1.9299636e-05
8  5.7209534 0.012155181 1.2333737e-05  0.85552923 2.0825746e-05
8          6 0.012845196 1.3622958e-05  0.85309368 2.1475163e-05
8  6.2479275 0.012153912 1.5620817e-05  0.85080712 2.20273e-05
8  6.4958495 0.012855867 1.4727818e-05  0.84856466 2.3008177e-05
8  6.7380567 0.012353194 1.5382994e-05  0.84638236 2.3573418e-05
8          7 0.012366892 1.5697959e-05  0.84407029 2.4499165e-05
8  7.2479275 0.012135859 1.5041305e-05  0.84204624 2.5573149e-05
8  7.4958495 0.011965715 1.5385267e-05  0.83989862 2.5572809e-05
8  7.7448299 0.011710862 1.5310829e-05  0.83778939 2.7153103e-05
8          8 0.01154998 1.5444678e-05  0.83568451 2.7141991e-05
8  8.2479275 0.011495981 1.6098568e-05  0.83366868 2.7721202e-05
8  8.4998459 0.011314211 1.5607353e-05  0.83167003 2.8890824e-05
8  8.7490311 0.011145216 1.6284287e-05  0.82967613 2.9972703e-05
8          9 0.011006728 1.6660231e-05  0.82774435 2.9403488e-05
8  9.2485205 0.010878253 1.6873066e-05  0.82584673 3.0775385e-05
8  9.4998459 0.010780103 1.7837833e-05   0.8239234 3.0676716e-05
8  9.7490311 0.010678859 1.8197449e-05  0.82207852 3.1717921e-05
8         10 0.010576491 1.7515535e-05  0.82023163 3.3610644e-05
8  10.248817 0.010523444 1.8071048e-05  0.81837484 3.379881e-05
8  10.499846 0.010438878 1.8852158e-05  0.81655128 3.4478223e-05
8  10.749869 0.010387425 1.9652764e-05  0.81475912 3.4351065e-05
8         11   0.010326 2.1177542e-05  0.81298082 3.5333445e-05
8   11.24941 0.010266915 1.9474729e-05  0.81117066 3.7658791e-05
8  11.499846 0.010173898 2.0129909e-05  0.80942461 3.5924169e-05
8  11.749869 0.010131217 2.0568727e-05  0.80768199 3.7357724e-05
8         12 0.010093722 2.1831005e-05  0.80593215 4.048908e-05
8   12.24978 0.010047713 2.1967629e-05  0.80425908 4.1763081e-05
8  12.499908 0.010014742 2.2582998e-05  0.80257396 4.0123366e-05
8  12.749922 0.009958069 2.4439729e-05  0.80085317 4.079736e-05
8         13 0.0099238212 2.4561781e-05  0.79916798 4.4574035e-05
8  13.249817 0.0098960028 2.4082562e-05  0.79742653 4.4182752e-05
8  13.499908 0.0098382302 2.6736789e-05  0.79575989 4.5300225e-05
8  13.749922 0.0097889631 2.6861094e-05  0.79409819 4.6752814e-05
8         14 0.0097795301 2.6997391e-05  0.79242483 4.7392705e-05
8   14.24991 0.0097090825 2.7371452e-05  0.79079387 4.6699312e-05
8   14.49997 0.009680804 2.8684694e-05  0.78922124 4.9377891e-05
8  14.749974 0.0096847271 2.8633488e-05  0.78756763 5.0173943e-05
8         15 0.0096191517 2.8114928e-05  0.78590779 5.1660624e-05
8  15.249956 0.009535904 2.9526312e-05  0.78430453 5.1735228e-05
8  15.499978 0.0095736967 3.0934807e-05   0.7826481 5.1834297e-05
8  15.749981 0.0095195284 3.4107204e-05  0.78100543 5.446065e-05
8         16 0.0094202953 3.3646897e-05  0.77937559 5.5053115e-05
8  16.249979 0.0094267142 3.3448474e-05   0.7778985 5.7091056e-05
8  16.499982 0.0093472144 3.3439507e-05  0.77628145 5.744384e-05
8  16.749984 0.0093601804 3.5109505e-05  0.77473366 5.9902751e-05
8         17 0.009294208 3.5912738e-05  0.77319359 6.3037597e-05
8  17.249991 0.0092996645 3.5008917e-05  0.77160774 6.3603961e-05
8  17.499992 0.0092700684 3.8001067e-05   0.7701042 6.6634838e-05
8  17.749992 0.0092230653 3.8457892e-05  0.76836755 6.4600131e-05
8         18 0.0092201155 3.8712531e-05  0.76697524 6.8460483e-05
8  18.249996 0.0091964782 3.8540906e-05  0.76543446 6.7367682e-05
8  18.499997 0.0092301908 3.8183737e-05  0.76383779 7.0585516e-05
8  18.749996 0.009083141 3.9931681e-05  0.76233705 7.2638231e-05
8         19 0.0091392048 4.0871801e-05  0.76076148 7.6417392e-05
8  19.249999 0.0091429435 4.26967e-05  0.75930119 7.2777144e-05
8  19.499999 0.0091294165 4.5520659e-05   0.7576497 7.6014182e-05
8  19.749998 0.0091507365 4.6723567e-05  0.75625635 7.7311472e-05
8         20 0.0091825456 4.4847737e-05  0.75468459 7.7192679e-05
8      20.25 0.0091482522 4.382521e-05  0.75307352 8.350521e-05
8       20.5 0.0091221788 4.8557239e-05  0.75148297 8.6036366e-05
8  20.749999 0.0091696691 4.8440204e-05  0.74993916 9.4183305e-05
8         21 0.0091881514 4.8257975e-05  0.74836446 8.9648468e-05
8      21.25 0.0091834887 4.743081e-05  0.74678778 9.1038443e-05
8       21.5 0.0091491301 4.881389e-05  0.74524857 9.4759797e-05
8      21.75 0.0092858191 5.4365817e-05  0.74366212 9.9689706e-05
8         22 0.009263126 5.2246485e-05  0.74194736 0.0001001507
8      22.25 0.0092436762 5.0976092e-05  0.74039862 0.0001019889
8       22.5 0.0093417819 5.4349218e-05  0.73880486 0.00010027697
8      22.75 0.0094142746 5.7111155e-05  0.73700448 0.00010386518
8         23 0.0094755866 5.577667e-05   0.7354142 0.00010760725
8      23.25 0.0095176872 5.875297e-05  0.73385076 0.00011090061
8       23.5 0.0096280198 5.5796732e-05  0.73196979 0.00011515813
8      23.75 0.0095344737 5.9873058e-05  0.73028036 0.00012045775
8         24 0.0095575958 6.2253768e-05  0.72842022 0.00012007532
8      24.25 0.0098039221 6.5131969e-05  0.72658564 0.00012746189
8       24.5 0.0098889803 6.1552592e-05  0.72486505 0.00012083578
8      24.75 0.0099584983 6.4232514e-05  0.72334432 0.00013223834
8         25 0.010104818 6.6649185e-05  0.72151152 0.0001330819
8      25.25 0.010259554 6.7025744e-05  0.71951414 0.00012795224
8       25.5 0.010370603 6.8353924e-05  0.71736904 0.00013342595
8      25.75 0.010752114 7.0397755e-05  0.71545616 0.00014400889
8         26 0.011140723 7.0342416e-05  0.71324324 0.00015422069
8      26.25 0.011296254 7.5238389e-05  0.71122865 0.0001494726
8       26.5 0.011490251 7.3081028e-05  0.70908917 0.0001577994
8      26.75 0.011874058 7.3383552e-05  0.70652204 0.00016548798
8         27 0.012211286 7.8709056e-05  0.70397414 0.00017024611
8      27.25 0.012666212 7.7511043e-05  0.70145062 0.00017211254
8       27.5 0.013217713 8.1534102e-05  0.69887405 0.00018132108
8      27.75 0.013608842 8.0019782e-05  0.69596073 0.00018799755
8         28 0.014007191 8.1932909e-05   0.6929641 0.00020373396
8      28.25 0.014620764 7.9732821e-05  0.68994338 0.00020623413
8       28.5 0.015383907 7.9240583e-05  0.68642057 0.00022078499
8      28.75 0.016057435 7.6937441e-05  0.68272594 0.00022271183
8         29 0.016665934 8.0183315e-05  0.67889057 0.00024277943
8      29.25 0.017262119 7.7501047e-05  0.67476885 0.00025481011
8       29.5 0.017742941 7.56089e-05  0.67012147 0.00026290731
8      29.75 0.018116128 7.3795318e-05  0.66511417 0.00027081054
8         30 0.018559116 7.4165584e-05  0.65990168 0.00029794378
8      30.25 0.018668783 7.1375635e-05  0.65424032 0.00030748642
8       30.5 0.018529136 7.504487e-05  0.64846492 0.00032148372
8      30.75 0.018296935 7.3744938e-05  0.64230117 0.00034180472
8         31 0.018008414 7.7201905e-05  0.63519256 0.00036683298
8      31.25 0.017474954 7.0589275e-05  0.62787855 0.00036556074
8       31.5 0.016972707 6.0681639e-05   0.6208179 0.00039441546
8      31.75 0.016709762 5.0361266e-05  0.61259286 0.00041441233
8         32 0.01641466 4.9659564e-05  0.60380911 0.00044616713
