8  2.3502199 0.0077783016 7.8524587e-06  0.87789014 1.5628553e-05
8  2.7924813 0.01020243 9.4483877e-06  0.87549559 1.5464126e-05
8  3.1239638 0.012236004 1.0433959e-05  0.87361688 1.6118951e-05
8  3.3906799 0.013069481 1.0731445e-05  0.87059795 1.614085e-05
8  3.6427011 0.014248826 1.0626558e-05  0.86802964 1.6510636e-05
8          4 0.013856221 1.1379374e-05  0.86594728 1.7753032e-05
8  4.2089263 0.015704497 1.1080871e-05  0.86349766 1.7833021e-05
8  4.4756424 0.013991701 1.0570617e-05  0.86039171 1.851649e-05
8  4.7141801 0.014512132 1.1112323e-05  0.85834913 1.9749654e-05
8          5 0.015782222 1.1457965e-05  0.85608778 2.0997525e-05
8  5.2479275 0.015360032 1.2016649e-05  0.85331332 2.0753455e-05
8  5.4756424 0.014798437 1.1667101e-05  0.85134702 2.1254293e-05
8  5.7209534 0.015206112 1.1814089e-05  0.84864577 2.2758348e-05
8          6 0.01597672 1.202692e-05  0.84578486 2.3564062e-05
8  6.2479275 0.015265568 1.4308447e-05  0.84311706 2.338842e-05
8  6.4958495 0.01598589 1.3952799e-05  0.84044858 2.4292813e-05
8  6.7380567 0.015481399 1.3778891e-05  0.83788153 2.5207701e-05
8          7 0.015496056 1.4171806e-05  0.83509258 2.6932994e-05
8  7.2479275 0.015300294 1.4482174e-05  0.83265358 2.7656897e-05
8  7.4958495 0.015133078 1.4078973e-05  0.83000807 2.865959e-05
8  7.7448299 0.01490284 1.4774605e-05  0.82736293 2.9234395e-05
8          8 0.01474426 1.5143925e-05  0.82466785 2.8705369e-05
8  8.2479275 0.014779221 1.6871926e-05  0.82203624 3.1359519e-05
8  8.4998459 0.014644709 1.7127653e-05  0.81941663 3.2530192e-05
8  8.7490311 0.014544188 1.645982e-05   0.8167852 3.1971165e-05
8          9 0.014503423 1.6299446e-05  0.81414338 3.5287879e-05
8  9.2485205  0.0144559 1.7301606e-05  0.81149371 3.470168e-05
8  9.4998459 0.014477107 1.6785657e-05  0.80881637 3.6360137e-05
8  9.7490311  0.0145241 1.8056647e-05  0.80606678 3.7672586e-05
8         10 0.014597819 1.77279e-05  0.80325842 3.9019955e-05
8  10.248817 0.014724447 1.8550032e-05  0.80047358 4.0016462e-05
8  10.499846 0.014895077 1.833658e-05  0.79758285 4.0064651e-05
8  10.749869 0.015111897 1.91001e-05  0.79463326 4.1546941e-05
8         11 0.015362172 1.9357683e-05  0.79163059 4.5929307e-05
8   11.24941 0.015685201 1.9789012e-05   0.7885174 4.8141693e-05
8  11.499846 0.016081987 2.0665865e-05  0.78528699 4.8425382e-05
8  11.749869 0.016506895 2.07381e-05  0.78191588 5.021506e-05
8         12 0.017010648 1.9849525e-05   0.7784201 5.1972278e-05
8   12.24978 0.017586358 2.1025905e-05  0.77472971 5.5126607e-05
8  12.499908 0.018205741 2.2056579e-05  0.77080299 5.7023708e-05
8  12.749922 0.018915298 2.2017399e-05  0.76666132 6.0268496e-05
8         13 0.019670639 2.2446596e-05  0.76230942 5.8938342e-05
8  13.249817 0.020465039 2.2472149e-05  0.75763603 6.1087349e-05
8  13.499908 0.02128067 2.3340437e-05  0.75270662 6.4989854e-05
8  13.749922 0.022132982 2.3452232e-05  0.74735122 6.9646501e-05
8         14 0.022983147 2.1555961e-05  0.74166425 7.3750255e-05
8   14.24991 0.023737235 2.3093929e-05  0.73559062 8.021234e-05
8   14.49997 0.024490081 2.3156221e-05  0.72901698 8.7085306e-05
8  14.749974 0.025099449 2.2045582e-05  0.72199952 8.9581036e-05
8         15 0.025567985 2.1358944e-05  0.71448394 9.1715883e-05
8  15.249956 0.025889168 2.2965342e-05  0.70659221 9.8207122e-05
8  15.499978 0.026044698 2.3224592e-05  0.69808208 0.00010424205
8  15.749981 0.025974001 2.228811e-05  0.68910544 0.00010840546
8         16 0.025699116 2.2897602e-05  0.67966796 0.00011364487
8  16.249979 0.025262518 2.2127597e-05  0.66975128 0.00011695146
8  16.499982 0.024594821 2.2731761e-05  0.65940072 0.00012549835
8  16.749984 0.023753892 2.0475232e-05  0.64867658 0.00013027842
8         17 0.022788984 1.9231075e-05  0.63764437 0.0001376978
8  17.249991 0.021719332 1.8425053e-05  0.62637593 0.00014578159
8  17.499992 0.020590059 1.7623932e-05   0.6147292 0.00015018497
8  17.749992 0.019452111 1.7473166e-05  0.60299583 0.00015783229
8         18 0.018334351 1.7942823e-05  0.59120789 0.00015908986
8  18.249996 0.01723991 1.7069069e-05  0.57940063 0.00016741784
8  18.499997 0.016216766 1.6610205e-05  0.56743393 0.00017224238
8  18.749996 0.015306289 1.6365019e-05  0.55562332 0.00017391954
8         19 0.014514368 1.5516493e-05  0.54364098 0.00017683123
8  19.249999 0.013829534 1.4642125e-05   0.5318969 0.00018197828
8  19.499999 0.013224025 1.4501287e-05  0.52037669 0.00018812031
8  19.749998 0.012761245 1.4911263e-05  0.50881617 0.00019565156
8         20 0.012370892 1.5416174e-05    0.497469 0.00019753772
8      20.25 0.012085069 1.5356345e-05  0.48612869 0.00020683466
8       20.5 0.011853158 1.5872861e-05  0.47518278 0.0002109031
8  20.749999 0.011698904 1.5690818e-05  0.46428081 0.00021399584
8         21 0.011601127 1.5293451e-05  0.45359407 0.00021833479
8      21.25 0.011503942 1.5172284e-05   0.4431179 0.00022250013
8       21.5 0.011465599 1.5470275e-05  0.43302551 0.00022728969
8      21.75 0.011413044 1.5322717e-05   0.4228602 0.00022563974
8         22 0.011358324 1.5282767e-05  0.41291572 0.00023049986
8      22.25 0.011301012 1.5394506e-05  0.40331645 0.00022563103
8       22.5 0.011241224 1.5603401e-05  0.39371354 0.00023487325
8      22.75 0.011136717 1.582649e-05  0.38447081 0.00023945852
8         23 0.010993606 1.5844516e-05   0.3754404 0.00024251371
8      23.25 0.010841506 1.6897431e-05  0.36650509 0.00024498233
8       23.5 0.010616926 1.7741068e-05  0.35780831 0.00023766153
8      23.75 0.010372295 1.7094096e-05  0.34939257 0.00025142268
8         24 0.010088454 1.7064572e-05  0.34097982 0.00026219491
8      24.25 0.0097506462 1.6882303e-05  0.33277204 0.00025995161
8       24.5 0.0093792289 1.6756248e-05  0.32496519 0.00026202946
8      24.75 0.0089461933 1.5369219e-05  0.31699352 0.00025878508
8         25 0.0084690153 1.5661371e-05  0.30936322 0.00025956705
8      25.25 0.007967576 1.5644101e-05  0.30189854 0.00026681072
8       25.5 0.0074310075 1.4509864e-05  0.29453745 0.00027162447
8      25.75 0.0068379928 1.3158098e-05  0.28751662 0.00027756485
8         26 0.006224182 1.2117534e-05    0.280584 0.00028528285
8      26.25 0.0055824457 1.2037071e-05  0.27380931 0.00028596371
8       26.5 0.0049151532 1.3071948e-05  0.26700002 0.00028738964
8      26.75 0.0042370188 1.4347798e-05  0.26053188 0.00028841361
8         27 0.0035437886 1.6621659e-05  0.25419021 0.00028564886
