8  2.3502199 0.0053035354 8.7195245e-06  0.88079514 1.4499547e-05
8  2.7924813 0.0071196969 1.1285835e-05  0.87864665 1.4192701e-05
8  3.1239638 0.0088086675 1.1876277e-05  0.87697134 1.4911145e-05
8  3.3906799 0.0096755189 1.1982385e-05  0.87411145 1.4868823e-05
8  3.6427011 0.010686444 1.2167206e-05  0.87167761 1.5322845e-05
8          4 0.010504011 1.1415984e-05  0.86986344 1.6916487e-05
8  4.2089263 0.012178562 1.1497597e-05  0.86756216 1.6554903e-05
8  4.4756424 0.010853188 1.0723579e-05  0.86464241 1.7137501e-05
8  4.7141801 0.011451863 9.8508209e-06  0.86281768 1.8005351e-05
8          5 0.012677503 1.0643616e-05  0.86082108 1.8868884e-05
8  5.2479275 0.012476373 1.0567579e-05  0.85827323 1.8735811e-05
8  5.4756424 0.012093397 1.0954641e-05  0.85659588 1.8719974e-05
8  5.7209534 0.012598843 1.0444772e-05  0.85417173 1.9176762e-05
8          6 0.013433017 1.1977198e-05  0.85162257 2.0468921e-05
8  6.2479275 0.012878676 1.3134311e-05  0.84928382 2.0991864e-05
8  6.4958495 0.013694164 1.3435588e-05   0.8469533 2.2222726e-05
8  6.7380567 0.013294428 1.3776078e-05  0.84471312 2.1864525e-05
8          7 0.013400729 1.4564323e-05  0.84228996 2.356648e-05
8  7.2479275 0.013234591 1.4812386e-05  0.84022211 2.4845801e-05
8  7.4958495 0.013138137 1.4998735e-05  0.83798901 2.4899618e-05
8  7.7448299 0.012937133 1.4913457e-05  0.83579411 2.5292421e-05
8          8 0.012813451 1.543245e-05  0.83357483 2.521745e-05
8  8.2479275 0.012836146 1.6560948e-05  0.83145277 2.7144922e-05
8  8.4998459 0.012646286 1.7961616e-05  0.82931536 2.7520453e-05
8  8.7490311 0.012487058 1.7944091e-05  0.82722018 2.8430936e-05
8          9 0.012391454 1.7615598e-05  0.82513486 2.9454333e-05
8  9.2485205 0.012273332 1.8336092e-05   0.8230716 3.0423264e-05
8  9.4998459 0.012192474 1.9242077e-05  0.82110618 3.0256414e-05
8  9.7490311 0.012076432 1.9407348e-05  0.81913496 3.2934039e-05
8         10 0.011964748 2.0854084e-05  0.81711823 3.347953e-05
8  10.248817 0.011869153 2.1331355e-05   0.8151733 3.3837836e-05
8  10.499846 0.011805014 2.0901747e-05  0.81319342 3.4310015e-05
8  10.749869 0.011772331 2.0567153e-05  0.81123525 3.7243013e-05
8         11 0.011644901 2.0233064e-05  0.80929625 3.8766986e-05
8   11.24941 0.011612446 2.0989758e-05  0.80734837 3.7737096e-05
8  11.499846 0.011523769 2.2036351e-05   0.8054376 3.7761019e-05
8  11.749869 0.011450878 2.2361972e-05  0.80347843 4.0039564e-05
8         12 0.011425351 2.3412289e-05  0.80162931 4.0098537e-05
8   12.24978 0.011385186 2.3679575e-05   0.7996361 4.1118106e-05
8  12.499908 0.011332286 2.4923117e-05  0.79773499 4.2292087e-05
8  12.749922 0.01125138 2.4327666e-05  0.79586019 4.4477233e-05
8         13 0.011240145 2.361796e-05  0.79388751 4.5906279e-05
8  13.249817 0.011161614 2.5984566e-05  0.79201429 4.8192399e-05
8  13.499908 0.011125137 2.6675297e-05  0.79012098 4.8396597e-05
8  13.749922 0.011101734 2.7323515e-05  0.78825623 4.9579133e-05
8         14 0.011053818 2.6263542e-05   0.7862894 4.8035989e-05
8   14.24991 0.011059619 2.8722128e-05   0.7844332 5.1425462e-05
8   14.49997 0.011029136 2.7867885e-05  0.78249361 5.404725e-05
8  14.749974 0.011029709 3.0272475e-05  0.78055518 5.3284386e-05
8         15 0.011015948 2.785823e-05  0.77865281 5.6028252e-05
8  15.249956 0.011035711 3.2106154e-05  0.77664737 5.6384835e-05
8  15.499978 0.011058675 3.1273653e-05  0.77470235 5.7829073e-05
8  15.749981 0.011135987 3.2824725e-05    0.772734 6.2199952e-05
8         16 0.011187225 3.1306869e-05   0.7707672 6.0189113e-05
8  16.249979 0.011154052 3.3308421e-05  0.76877757 6.2759296e-05
8  16.499982 0.011229201 3.4103759e-05  0.76673264 6.5021689e-05
8  16.749984 0.011333242 3.4738978e-05  0.76457814 7.0226916e-05
8         17 0.011427179 3.3876284e-05  0.76244888 6.8294785e-05
8  17.249991 0.011560934 3.5319867e-05  0.76037377 7.1818316e-05
8  17.499992 0.011680446 3.5791427e-05  0.75821176 7.4882883e-05
8  17.749992 0.011802896 4.0264312e-05  0.75600412 7.4265604e-05
8         18 0.011973731 3.8207483e-05  0.75373926 7.5986124e-05
8  18.249996 0.012185858 4.0290143e-05  0.75136665 8.0388239e-05
8  18.499997 0.012462863 4.017764e-05  0.74896168 8.3631038e-05
8  18.749996 0.012760755  4.096e-05  0.74649102 8.2581777e-05
8         19 0.013089701 3.8734105e-05  0.74388623 8.4564681e-05
8  19.249999 0.013451446 4.014254e-05   0.7413377 9.1105029e-05
8  19.499999 0.013922181 4.1859103e-05   0.7384976 9.3686465e-05
8  19.749998 0.014381764 4.0565536e-05  0.73556887 0.00010276844
8         20 0.014995541 4.1811001e-05  0.73251901 0.00010356224
8      20.25 0.015584001 4.2641767e-05  0.72931776 0.00010741509
8       20.5 0.01627915 4.325402e-05  0.72578959 0.0001118695
8  20.749999 0.01690876 4.4644127e-05  0.72218413 0.00011376049
8         21 0.017616291 4.3619802e-05  0.71811973 0.00011452502
8      21.25 0.018434158 4.4339387e-05  0.71397675 0.00012829539
8       21.5 0.019162862 4.3855355e-05  0.70932569 0.00012926004
8      21.75 0.019937416 4.4754113e-05  0.70455994 0.00013933348
8         22 0.020523778 4.3015272e-05  0.69944498 0.00014533393
8      22.25 0.02118685 4.5208703e-05  0.69372317 0.00015734444
8       22.5 0.02169778 4.2847585e-05  0.68762236 0.00016908949
8      22.75 0.02206446 4.2883586e-05  0.68102916 0.00017525898
8         23 0.022276831 4.2376275e-05  0.67419708 0.00018281231
8      23.25 0.022198512 4.3358678e-05  0.66684926 0.00019080052
8       23.5 0.02198977 4.1858597e-05  0.65869223 0.00019764714
8      23.75 0.021576941 3.9731699e-05  0.65041614 0.00020333191
8         24 0.021003701 3.831491e-05  0.64156882 0.00021321445
8      24.25 0.020260516 3.5653031e-05  0.63245679 0.00022072538
8       24.5 0.019347456 3.3723666e-05  0.62287108 0.00023342064
8      24.75 0.018403862 3.0414209e-05  0.61293184 0.00023716849
8         25 0.017439693 2.9368955e-05  0.60308129 0.00024677536
8      25.25 0.016510557 2.9039824e-05    0.592854 0.00025959803
8       25.5 0.015612413 3.032094e-05  0.58214575 0.00026937871
8      25.75 0.014844446 2.9583846e-05  0.57168188 0.00027912723
8         26 0.014242232 3.0546418e-05  0.56086023 0.00029254586
8      26.25 0.013830474 3.0335429e-05  0.54996622 0.00030259534
8       26.5 0.013618247 2.6003423e-05  0.53929214 0.00031598745
8      26.75 0.013611631 1.7750475e-05  0.52866999 0.00032101485
8         27 0.013833947 1.9881415e-05  0.51798676 0.00033514554
