8  2.3502199 0.0096814635 7.8686686e-06  0.87035181 1.5474472e-05
8  2.7924813 0.012106792 9.3570249e-06  0.86721211 1.5286816e-05
8  3.1239638 0.014166737 9.8524496e-06  0.86472419 1.6255893e-05
8  3.3906799 0.01501306 1.0352702e-05  0.86121736 1.6304028e-05
8  3.6427011 0.016258011 1.0528485e-05  0.85813055 1.7166067e-05
8          4 0.01628674 1.0669728e-05  0.85508056 1.942321e-05
8  4.2089263 0.018039649 1.069667e-05  0.85209317 1.8730291e-05
8  4.4756424 0.016902068 1.1344979e-05  0.84822693 1.9767603e-05
8  4.7141801 0.017558276 1.1318926e-05  0.84537031 2.0711043e-05
8          5 0.01900912 1.1171323e-05  0.84200921 2.2157028e-05
8  5.2479275 0.018979626 1.1031441e-05  0.83822532 2.2470389e-05
8  5.4756424 0.018892625 1.1142906e-05  0.83522379 2.3943877e-05
8  5.7209534 0.019613258 1.1297703e-05  0.83130329 2.5009959e-05
8          6 0.020747516 1.1896932e-05  0.82687041 2.6123473e-05
8  6.2479275 0.020566726 1.5178853e-05  0.82267662 2.7852363e-05
8  6.4958495 0.021674396 1.4356619e-05  0.81828337 2.8534069e-05
8  6.7380567 0.021931838 1.4047964e-05  0.81384459 3.0068359e-05
8          7 0.022617867 1.4185678e-05  0.80877013 3.0854816e-05
8  7.2479275 0.023174202 1.4066858e-05  0.80415995 3.757908e-05
8  7.4958495 0.023808201 1.4012492e-05  0.79883009 3.6855212e-05
8  7.7448299 0.024438825 1.4026242e-05  0.79318706 3.8229192e-05
8          8 0.025153418 1.4693985e-05   0.7870886 3.9883786e-05
8  8.2479275 0.02614472 1.5884237e-05   0.7807799 4.2034412e-05
8  8.4998459 0.026832062 1.5784792e-05  0.77393418 4.5128382e-05
8  8.7490311 0.027461834 1.5547794e-05  0.76675955 4.5779917e-05
8          9 0.028070028 1.5670609e-05  0.75899518 4.9787474e-05
8  9.2485205 0.028572091 1.5462221e-05  0.75078446 5.2134632e-05
8  9.4998459 0.028950927 1.516403e-05  0.74199821 5.4313902e-05
8  9.7490311 0.029182617 1.5039102e-05   0.7327604 5.8206609e-05
8         10 0.029241483 1.450033e-05  0.72289692 6.2188248e-05
8  10.248817 0.029114803 1.3770349e-05  0.71260021 6.6378988e-05
8  10.499846 0.028809825 1.4176902e-05  0.70180857 6.7219645e-05
8  10.749869 0.028330676 1.3900231e-05  0.69052811 7.1586822e-05
8         11 0.027675876 1.4096993e-05  0.67881208 7.8268359e-05
8   11.24941 0.02688433 1.3696282e-05  0.66675345 8.3800153e-05
8  11.499846  0.0259768 1.2701002e-05  0.65438787 8.9473385e-05
8  11.749869 0.024993667 1.196366e-05  0.64179621 9.1386174e-05
8         12 0.023933004 1.2395839e-05  0.62895823 9.4545369e-05
8   12.24978 0.022855058 1.1643971e-05  0.61608707 9.7018711e-05
8  12.499908 0.021778004 1.2640899e-05  0.60308653 9.7839232e-05
8  12.749922 0.020715263 1.1604817e-05  0.58999803 0.00010103296
8         13 0.019697955 1.1822064e-05   0.5769693 9.9811239e-05
8  13.249817 0.01873999 1.1342561e-05  0.56393659 0.00010452228
8  13.499908 0.017838808 1.1155732e-05  0.55096235 0.00010634382
8  13.749922 0.016992929 1.120009e-05  0.53820414 0.00010978306
8         14 0.016239813 1.0666934e-05  0.52559213 0.0001165209
8   14.24991 0.015547832 1.0833105e-05  0.51313093 0.00011805172
8   14.49997 0.014910333 1.1064158e-05  0.50087988 0.00012013745
8  14.749974 0.014349727 1.051899e-05  0.48885472 0.00012259493
8         15 0.013849578 1.0642707e-05  0.47702976 0.00012423527
8  15.249956 0.013388843 1.0872346e-05  0.46538274 0.00012803512
8  15.499978 0.012994588 1.070848e-05   0.4539933 0.00012990786
8  15.749981 0.012632807 1.0902493e-05  0.44278207 0.00013190496
8         16 0.012309915 1.0984624e-05  0.43189951 0.00013534459
8  16.249979 0.012012216 1.0864258e-05  0.42128537 0.00013546884
8  16.499982 0.011747884 1.0267658e-05  0.41077238 0.00013745904
8  16.749984 0.011504826 1.0268003e-05    0.400584 0.00013920706
8         17 0.011285931 1.0052203e-05    0.390435 0.00014102365
8  17.249991 0.011071308 9.9913877e-06  0.38064203 0.00013848806
8  17.499992 0.01086266 1.0362696e-05  0.37107583 0.00014051577
8  17.749992 0.010662427 1.0640987e-05  0.36169213 0.00013994253
8         18 0.010462583 1.1621248e-05  0.35252244 0.00014170287
8  18.249996 0.010269753 1.168138e-05  0.34365531 0.0001436998
8  18.499997 0.010084617 1.1463851e-05  0.33492398 0.00014415076
8  18.749996 0.0098988197 1.1437455e-05  0.32651366 0.00014526321
8         19 0.0097046938 1.1434628e-05  0.31815897 0.00014805668
8  19.249999 0.0095216471 1.1277099e-05  0.31008917 0.00014856955
8  19.499999 0.0093335572 1.164728e-05  0.30216793 0.00014522252
8  19.749998 0.0091632952 1.2442733e-05  0.29446897 0.00015086048
8         20 0.008970729 1.2784894e-05  0.28698868 0.00015194354
8      20.25 0.0088022917 1.2786191e-05  0.27973774 0.0001516439
8       20.5 0.0086212145 1.2450191e-05   0.2725706 0.00015193909
8  20.749999 0.008424444 1.2187604e-05  0.26554136 0.00015541059
8         21 0.0082438266 1.3238409e-05  0.25888231 0.00015900889
8      21.25 0.0080601385 1.271885e-05  0.25217576 0.00016226127
8       21.5 0.0078853458 1.2981992e-05  0.24572865 0.00016602546
8      21.75 0.0076902262 1.3263448e-05  0.23945269 0.00016876411
8         22 0.0075274804 1.3256732e-05  0.23327895 0.00017340715
8      22.25 0.0073278209 1.3541411e-05  0.22737392 0.00016980682
8       22.5 0.0071414968 1.3321066e-05  0.22136381 0.00016969765
8      22.75 0.006980637 1.2795432e-05  0.21567983 0.00016823809
8         23 0.0067937268 1.2558234e-05  0.21000954 0.00016541076
8      23.25 0.0066292387 1.3187389e-05  0.20460579 0.00017284721
8       23.5 0.0064427304 1.2899918e-05  0.19933571 0.00017536727
8      23.75 0.0062584449 1.2884872e-05  0.19411265 0.00017553369
8         24 0.0060661563 1.3584114e-05  0.18908879 0.00018089583
8      24.25 0.0058961527 1.2957125e-05  0.18416116 0.00018186929
8       24.5 0.0057173173 1.3545541e-05  0.17924727 0.00018158832
8      24.75 0.0055585481 1.3193236e-05  0.17466429 0.00018521993
8         25 0.0053951858 1.3433531e-05  0.17016706 0.00018633934
8      25.25 0.0052251714 1.3409524e-05  0.16566745 0.00018206723
8       25.5 0.0050565661 1.357427e-05  0.16137328 0.00018249998
8      25.75 0.0049144209 1.3798059e-05   0.1569676 0.00018472268
8         26 0.0047520736 1.407358e-05  0.15288817 0.00018524349
8      26.25 0.0045970651 1.4027525e-05  0.14881668 0.00018425255
8       26.5 0.0044561726 1.5064559e-05   0.1449432 0.0001861532
8      26.75 0.004280926 1.5702264e-05  0.14109806 0.00018899292
8         27 0.0041433177 1.5469403e-05  0.13750103 0.00019129697
