8  2.3502199 0.019217104 1.1332892e-05  0.82536945 1.7600526e-05
8  2.7924813 0.021302587 1.3887909e-05  0.81902889 1.8652904e-05
8  3.1239638 0.022596462 1.5459903e-05  0.81416448 2.1049844e-05
8  3.3906799 0.02264359 1.5471536e-05  0.80946672 2.0945509e-05
8  3.6427011 0.023219291 1.6326111e-05  0.80530031 2.0886693e-05
8          4 0.022976881 1.9183766e-05  0.79985911 2.3422193e-05
8  4.2089263 0.023429836 1.8640811e-05  0.79634699 2.3858679e-05
8  4.4756424 0.022700461 1.913026e-05  0.79194452 2.4830249e-05
8  4.7141801 0.022608813 1.8896033e-05  0.78820809 2.5337857e-05
8          5 0.022537476 2.0269306e-05   0.7838085 2.6957199e-05
8  5.2479275 0.022167555 2.2602978e-05  0.77992504 2.7166787e-05
8  5.4756424 0.02182908 2.343869e-05  0.77649263 2.7644734e-05
8  5.7209534 0.021585323 2.4283982e-05  0.77279237 2.8273711e-05
8          6 0.021314845 2.5483192e-05  0.76869063 2.9383664e-05
8  6.2479275 0.020997997 2.4605142e-05  0.76504562 3.1041198e-05
8  6.4958495 0.020728077 2.6790503e-05  0.76148564 3.2113894e-05
8  6.7380567 0.020499851 2.7898223e-05  0.75803791 3.3113566e-05
8          7 0.020290799 2.7622577e-05  0.75437742 3.3708095e-05
8  7.2479275 0.020010352 2.7715222e-05  0.75094443 3.2685724e-05
8  7.4958495 0.01978811 2.8243089e-05  0.74759306 3.7549235e-05
8  7.7448299 0.019539903 3.0075136e-05  0.74418017 3.8287184e-05
8          8 0.019333358 3.0382649e-05  0.74072696 3.8578839e-05
8  8.2479275 0.019157108 3.0526207e-05  0.73748264 3.8827743e-05
8  8.4998459 0.01897379 3.246829e-05  0.73419119 3.8694648e-05
8  8.7490311 0.018773003 3.3766583e-05  0.73100204 3.9379284e-05
8          9 0.018499646 3.4897602e-05  0.72779056 4.0126633e-05
8  9.2485205 0.01828778 3.4757124e-05  0.72460746 4.2812988e-05
8  9.4998459 0.018154212 3.7939427e-05  0.72147639 4.3134703e-05
8  9.7490311 0.018011832 3.7968454e-05  0.71835124 4.6237216e-05
8         10 0.017807078 3.8808703e-05   0.7153453 4.7766036e-05
8  10.248817 0.017676966 3.9859627e-05  0.71239466 4.7487863e-05
8  10.499846 0.017540872 4.0638121e-05  0.70931247 5.0044218e-05
8  10.749869 0.017335533 4.367403e-05  0.70632271 5.1201992e-05
8         11 0.017312357 4.1476384e-05  0.70341555 5.3202367e-05
8   11.24941 0.017212111 4.3472173e-05  0.70041386 5.2764839e-05
8  11.499846 0.017080813 4.8912931e-05  0.69749282 5.6750487e-05
8  11.749869 0.016952815 4.9196514e-05  0.69465063 5.9175423e-05
8         12 0.016888758 4.85847e-05  0.69169915 5.9437008e-05
8   12.24978 0.016747119 5.0116275e-05  0.68888553 6.0739674e-05
8  12.499908 0.01664801 5.0755479e-05  0.68600442 6.6822801e-05
8  12.749922 0.016609027 5.4150876e-05  0.68319963 6.8217283e-05
8         13 0.016420459 5.4009435e-05  0.68038975 6.6064707e-05
8  13.249817 0.016269657 5.8550913e-05  0.67758491 7.0787941e-05
8  13.499908 0.016193653 5.5525452e-05  0.67481049 7.2994647e-05
8  13.749922 0.016108223 6.0032043e-05  0.67202783 7.5516091e-05
8         14 0.016028516 5.7709709e-05  0.66933895 7.7000141e-05
8   14.24991 0.015964755 5.8647742e-05  0.66673298 8.2205662e-05
8   14.49997 0.015838381 6.190092e-05  0.66395854 7.9034521e-05
8  14.749974 0.015797722 6.6844549e-05  0.66127104 8.2797502e-05
8         15 0.015750215 6.7710146e-05  0.65856948 8.1867928e-05
8  15.249956 0.01574273 7.3431782e-05  0.65584736 8.4695945e-05
8  15.499978 0.015698551 7.2997974e-05  0.65324146 8.9063765e-05
8  15.749981 0.015641649 7.47279e-05  0.65050775 8.9320931e-05
8         16 0.015636049 7.2998405e-05  0.64787577 9.3021649e-05
8  16.249979 0.015582654 7.3439536e-05  0.64526868 9.9796756e-05
8  16.499982 0.015681049 7.9360219e-05  0.64254138 0.00010113132
8  16.749984 0.015668922 8.3955726e-05  0.63991561 0.0001050075
8         17 0.01569076 7.7828326e-05  0.63720253 0.00010211414
8  17.249991 0.01567869 8.9051322e-05  0.63453072 0.00010202849
8  17.499992 0.01560919 8.7121589e-05  0.63176446 0.00010985159
8  17.749992 0.015569507 9.2281008e-05  0.62901721 0.00011225739
8         18 0.01556782 9.0182941e-05  0.62632202 0.00011304162
8  18.249996 0.015527154 9.4905319e-05  0.62369453 0.00012105745
8  18.499997 0.015442222 9.6553393e-05  0.62102068 0.00011737399
8  18.749996 0.015431458 9.9057139e-05  0.61840412 0.00012519943
8         19 0.015419507 0.00010339896  0.61564069 0.00012183207
8  19.249999 0.015617603 0.0001068162  0.61296833 0.00013639765
8  19.499999 0.015696672 0.00010756382  0.61025635 0.00013616177
8  19.749998 0.01578199 0.00011047288  0.60745301 0.000139515
8         20 0.015736432 0.00011311251  0.60469813 0.00015207243
8      20.25 0.015955543 0.00011501227  0.60170493 0.00015644917
8       20.5 0.016044482 0.00011859778  0.59882477 0.00015419667
8  20.749999 0.016198136 0.00012192469  0.59598546 0.00015953909
8         21 0.01632754 0.00012564309  0.59317422 0.00017210906
8      21.25 0.016240205 0.00012352378  0.59005958 0.00017311077
8       21.5 0.016523216 0.00012649794  0.58708147 0.00018260119
8      21.75 0.016872015 0.0001217514  0.58389653 0.00018988444
8         22 0.017146604 0.00012477212  0.58078271 0.00020299855
8      22.25 0.01725153 0.0001316366  0.57772897 0.00020745687
8       22.5 0.017663884 0.00013421311  0.57420957 0.00021062029
8      22.75 0.017981584 0.00013438873  0.57060343 0.00020798579
8         23 0.018463861 0.00013343809  0.56711377 0.00021986756
8      23.25 0.019026371 0.00013892674  0.56353393 0.00023530821
8       23.5 0.019466237 0.00014519924  0.55956822 0.0002439499
8      23.75 0.02000602 0.00014119447  0.55548001 0.0002558269
8         24 0.020632005 0.00013671667  0.55113588 0.00027461795
8      24.25 0.021393682 0.00014035249  0.54664885 0.00027810912
8       24.5 0.021904828 0.00014472894  0.54175342 0.00029506066
8      24.75 0.022416627 0.00014114604  0.53646548 0.00029945189
8         25 0.022826138 0.00014253421   0.5310213 0.00031508644
8      25.25 0.023344334 0.00013452086  0.52503152 0.00033403929
8       25.5 0.023580376 0.00014228084  0.51886944 0.00036088152
8      25.75 0.023549055 0.00013747588  0.51232701 0.00037391167
8         26 0.023394134 0.00013101753  0.50541885 0.00038911738
8      26.25 0.022972242 0.00012212042  0.49773966 0.00039439531
8       26.5 0.022630283 0.00012132328   0.4898435 0.00044331741
8      26.75 0.022147222 0.00012051279  0.48176669 0.00046124605
8         27 0.021555054 0.00011603072  0.47352243 0.00047822645
8      27.25 0.020705482 0.00010341691  0.46501609 0.00050276896
8       27.5 0.019898313 0.00010411777  0.45576987 0.00052775226
8      27.75 0.019155761 0.00010502558  0.44628511 0.00056132086
8         28 0.018650088 0.00010131401  0.43664515 0.00058640535
8      28.25 0.018122592 9.6025493e-05  0.42702252 0.00059708021
8       28.5 0.01751486 9.579486e-05  0.41734128 0.00062078744
8      28.75 0.017071106 8.8117121e-05  0.40768992 0.00063587382
8         29 0.016743354 7.8452969e-05  0.39735467 0.00066205907
8      29.25 0.016466788 6.8430779e-05  0.38748452 0.00067407483
8       29.5 0.01633842 7.9151031e-05  0.37779365 0.00070271634
