8  2.3502199 0.019392985 1.2409052e-05  0.82494923 1.8227736e-05
8  2.7924813 0.021506454 1.4344367e-05  0.81859123 1.8686001e-05
8  3.1239638 0.02281477 1.6035584e-05  0.81368416 2.0285208e-05
8  3.3906799 0.022840536 1.8100268e-05  0.80897071 2.0764184e-05
8  3.6427011 0.023460384 1.9106992e-05  0.80477998 2.1650632e-05
8          4 0.023246013 2.1045525e-05  0.79927648 2.3576953e-05
8  4.2089263 0.023693047 2.0245209e-05  0.79572442 2.3267231e-05
8  4.4756424 0.023029387 1.9872426e-05  0.79130382 2.451813e-05
8  4.7141801 0.022934591 2.0957094e-05  0.78750901 2.5724589e-05
8          5 0.02290164 2.2513545e-05  0.78306222 2.6701198e-05
8  5.2479275 0.022524427 2.243277e-05  0.77914386 2.7295051e-05
8  5.4756424 0.02223026 2.3310588e-05  0.77562817 2.7053151e-05
8  5.7209534 0.022035663 2.4197589e-05  0.77190379 2.9967265e-05
8          6 0.021799234 2.4597311e-05  0.76770593 2.9645082e-05
8  6.2479275 0.02150913 2.4944232e-05  0.76402967 3.072211e-05
8  6.4958495 0.021295064 2.7693789e-05  0.76039866 3.2097796e-05
8  6.7380567 0.021029201 2.8076189e-05  0.75683081 3.282084e-05
8          7 0.020821575 2.8426273e-05  0.75309065 3.2464078e-05
8  7.2479275 0.02058311 3.0055846e-05  0.74959276 3.5553775e-05
8  7.4958495 0.020413048 2.8788953e-05  0.74608267 3.8075438e-05
8  7.7448299 0.020143847 3.0216236e-05  0.74270262 3.9499656e-05
8          8 0.01992961 3.1218326e-05  0.73916551 4.0619871e-05
8  8.2479275 0.019741299 3.1230397e-05  0.73583792 4.2370739e-05
8  8.4998459 0.019529826 3.39523e-05  0.73240884 4.2719395e-05
8  8.7490311 0.019464696 3.4505032e-05  0.72912968 4.4157961e-05
8          9 0.019253632 3.444255e-05  0.72585722 4.660653e-05
8  9.2485205 0.019131184 3.6425478e-05  0.72262855 4.7320221e-05
8  9.4998459 0.018971683 3.6643954e-05  0.71937733 4.908733e-05
8  9.7490311 0.018858826 3.8137608e-05  0.71610348 4.9400969e-05
8         10 0.018811862 4.1679429e-05  0.71292743 4.8636129e-05
8  10.248817 0.01868716 4.0862579e-05  0.70976962 5.1608383e-05
8  10.499846 0.018607382 4.2587653e-05  0.70658269 5.3661761e-05
8  10.749869 0.01843772 4.3382144e-05  0.70345753 5.2959501e-05
8         11 0.018425188 4.2609979e-05  0.70026859 5.6733195e-05
8   11.24941 0.018359894 4.4407471e-05  0.69720477 5.6415224e-05
8  11.499846 0.018248753 4.9235029e-05  0.69407739 5.893956e-05
8  11.749869 0.01818339 4.9339527e-05  0.69102447 5.8074113e-05
8         12 0.017963603 5.1873375e-05  0.68787449 6.247816e-05
8   12.24978 0.017949674 5.3131745e-05  0.68478811 5.9962172e-05
8  12.499908 0.017912936 5.2349772e-05  0.68175484 6.3116393e-05
8  12.749922 0.017813089 5.2976085e-05  0.67870605 6.6786334e-05
8         13 0.017714936 5.4942427e-05  0.67580055 6.9855178e-05
8  13.249817 0.017668743 5.7114711e-05  0.67272948 7.1659588e-05
8  13.499908 0.017633866 5.8078603e-05  0.66962997 7.4081964e-05
8  13.749922 0.017718968 5.8424151e-05  0.66668302 7.4712313e-05
8         14 0.017728885 5.9512601e-05  0.66363092 8.1653813e-05
8   14.24991 0.017662193 6.1718922e-05  0.66056349 8.5316119e-05
8   14.49997 0.017643327 6.0502934e-05  0.65753045 8.8890202e-05
8  14.749974 0.017794156 6.3203002e-05  0.65430719 8.9420783e-05
8         15 0.017796248 6.8855293e-05  0.65132768 8.9199072e-05
8  15.249956 0.01782684 7.0054906e-05  0.64827624 9.7059937e-05
8  15.499978 0.018052415 7.0718732e-05   0.6451229 9.6213925e-05
8  15.749981 0.018059959 7.181964e-05  0.64187638 9.7603711e-05
8         16 0.01812514 7.4269711e-05   0.6387224 0.00010629024
8  16.249979 0.01832848 7.8756217e-05   0.6354996 0.00010746646
8  16.499982 0.018430766 7.7268623e-05  0.63202067 0.00011291737
8  16.749984 0.018486201 7.8549959e-05  0.62864319 0.00011379324
8         17 0.018851008 8.2318232e-05  0.62542313 0.00011969546
8  17.249991 0.019082557 8.8920185e-05  0.62190743 0.00012721438
8  17.499992 0.019198919 8.9440698e-05  0.61841574 0.00013215976
8  17.749992 0.019457346 8.839856e-05  0.61487595 0.00013332705
8         18 0.019913003 8.6538507e-05   0.6109414 0.00014301643
8  18.249996 0.020310653 8.9464448e-05  0.60710654 0.00014341862
8  18.499997 0.020766639 9.3273266e-05  0.60314381 0.00014868438
8  18.749996 0.02132285 9.3587558e-05  0.59903345 0.00014950418
8         19 0.021791051 9.8913916e-05  0.59473655 0.00015628519
8  19.249999 0.022218794 9.514017e-05  0.59015223 0.00016086757
8  19.499999 0.02284771 9.6877705e-05  0.58543609 0.00016429406
8  19.749998 0.023447542 9.5486037e-05  0.58042002 0.00017749377
8         20  0.0240904 0.00010033043  0.57501252 0.00019651435
8      20.25 0.024571224 9.4581073e-05  0.56969715 0.00019631501
8       20.5 0.025082458 8.6438143e-05  0.56373855 0.00020774508
8  20.749999 0.025507046 9.3824616e-05  0.55750784 0.0002194009
8         21 0.02583892 9.540825e-05  0.55078362 0.00023294991
8      21.25 0.026144157 9.0658082e-05  0.54383165 0.00025020876
8       21.5 0.02611336 8.6133038e-05  0.53641967 0.00025874522
8      21.75 0.02602912 8.8167512e-05  0.52854968 0.00027622617
8         22 0.025694737 9.8516386e-05  0.52008016 0.00027852886
8      22.25 0.025340085 9.4026533e-05  0.51151461 0.00029241048
8       22.5 0.024785619 8.7923966e-05  0.50264497 0.00030215672
8      22.75 0.024085318 8.9793829e-05  0.49327139 0.00031636818
8         23 0.023325128 8.5351091e-05  0.48370741 0.00033528106
8      23.25 0.022531367 7.5156074e-05  0.47371292 0.00034756946
8       23.5 0.021834492 7.3266514e-05  0.46363066 0.00037048322
8      23.75 0.020977543 7.098362e-05  0.45343174 0.00038602624
8         24 0.02027199 7.435091e-05  0.44270306 0.00040916525
8      24.25 0.019563326 6.6478662e-05  0.43228998 0.00041518645
8       24.5 0.018827844 6.9608631e-05  0.42137377 0.00044049454
8      24.75 0.018275017 6.9711265e-05  0.41091527 0.00044210743
8         25 0.017531285 6.9555788e-05  0.40003664 0.00046828359
8      25.25 0.017068487 6.7532212e-05   0.3891536 0.0004762811
8       25.5 0.016474385 7.4492203e-05  0.37891381 0.00048083339
8      25.75 0.016020059 7.6221091e-05  0.36817505 0.00050085048
8         26 0.015478537 7.8039529e-05   0.3583158 0.00050580297
8      26.25 0.014992813 7.669989e-05  0.34789077 0.00052882899
8       26.5 0.01465547 7.0061821e-05  0.33800945 0.00053422663
8      26.75 0.014181686 7.0631928e-05  0.32830652 0.00054818941
8         27 0.013892285 6.6080192e-05   0.3189252 0.00055675419
8      27.25 0.013463721 6.7278098e-05  0.30952098 0.00056475612
8       27.5 0.013114824 6.7956645e-05  0.30022731 0.00056552931
8      27.75 0.012776823 6.8656718e-05  0.29132895 0.00058202382
8         28 0.012529552 6.8155843e-05  0.28248723 0.00058055516
8      28.25 0.012223643 7.1520193e-05   0.2739376 0.00060194306
8       28.5 0.011885327 7.4827426e-05   0.2656055 0.00062125632
8      28.75 0.011543837 7.7865013e-05    0.257469 0.00063421633
8         29 0.011270253 8.110305e-05  0.24921041 0.00063347826
