8  2.3502199 0.019154356 1.0670466e-05  0.82551938 1.7705858e-05
8  2.7924813 0.021244394 1.2613275e-05   0.8191906 1.8177585e-05
8  3.1239638 0.022515835 1.42966e-05  0.81433254 2.0540787e-05
8  3.3906799 0.022548255 1.5113663e-05  0.80967448 2.0516061e-05
8  3.6427011 0.023114025 1.643337e-05  0.80553005 2.0431222e-05
8          4 0.022827834 1.8197567e-05  0.80010531 2.1804413e-05
8  4.2089263 0.023250618 1.837508e-05  0.79661953 2.1332506e-05
8  4.4756424 0.022527057 1.9046506e-05  0.79223458 2.2994898e-05
8  4.7141801 0.022435836 1.9526257e-05  0.78851919 2.3881911e-05
8          5 0.022347142 2.1491999e-05  0.78416664 2.5788589e-05
8  5.2479275 0.02199416 2.213199e-05  0.78033546 2.755016e-05
8  5.4756424 0.021612187 2.1393531e-05  0.77693092 2.6529309e-05
8  5.7209534 0.021348072 2.2677223e-05  0.77323835 2.7160183e-05
8          6 0.021111532 2.5096119e-05  0.76916326 2.8733317e-05
8  6.2479275 0.020814021 2.5824617e-05  0.76551879 2.9731111e-05
8  6.4958495 0.020565339 2.4766602e-05  0.76202808 3.0163692e-05
8  6.7380567 0.02026621 2.5519896e-05  0.75862114 3.2108517e-05
8          7 0.020022626 2.6950377e-05  0.75494897 3.4878386e-05
8  7.2479275 0.019714646 2.6724268e-05  0.75153333 3.6082263e-05
8  7.4958495 0.019495983 2.757795e-05  0.74817485 3.5517628e-05
8  7.7448299 0.019208198 2.836145e-05  0.74485774 3.8228343e-05
8          8 0.018993716 2.942753e-05  0.74146832 3.7313475e-05
8  8.2479275 0.01879622 3.0477747e-05  0.73825415 3.817748e-05
8  8.4998459 0.018546397 3.2076512e-05  0.73501871 3.8738736e-05
8  8.7490311 0.018358001 3.4853756e-05  0.73191766 3.9931204e-05
8          9 0.018151564 3.574729e-05   0.7286949 4.0848161e-05
8  9.2485205 0.017916768 3.8091913e-05  0.72554986 4.1962416e-05
8  9.4998459 0.017766622 3.6945224e-05  0.72249463 4.4711494e-05
8  9.7490311 0.017626079 3.7829111e-05  0.71944119 4.489821e-05
8         10 0.01742422 3.7468201e-05  0.71639791 4.6670745e-05
8  10.248817 0.017210163 3.8520635e-05   0.7135019 5.0415019e-05
8  10.499846 0.017053957 4.0585038e-05  0.71049034 5.1404799e-05
8  10.749869 0.016918581 4.1172082e-05  0.70757898 5.4046363e-05
8         11 0.016746662 4.3739697e-05     0.70465 5.1754585e-05
8   11.24941 0.01660742 4.4713488e-05  0.70179531 5.4355289e-05
8  11.499846 0.016482801 4.6715025e-05  0.69897157 5.61732e-05
8  11.749869 0.016301095 4.5982822e-05   0.6961002 5.5951134e-05
8         12 0.016119219 4.5637259e-05  0.69330983 5.9029351e-05
8   12.24978 0.015971668 5.2277006e-05  0.69060013 5.954814e-05
8  12.499908 0.015848176 5.0045087e-05  0.68777642 6.3536998e-05
8  12.749922 0.015729265 5.3649001e-05  0.68512096 6.5255813e-05
8         13 0.015594083 5.2810971e-05  0.68244853 6.7561998e-05
8  13.249817 0.015524362 5.6321113e-05  0.67979774 7.1583871e-05
8  13.499908 0.01531956 5.6308332e-05  0.67715319 6.8823546e-05
8  13.749922 0.015334627 5.6324674e-05  0.67445089 7.4935571e-05
8         14  0.0152321 6.1388403e-05  0.67185209 7.4177306e-05
8   14.24991 0.015123844 6.180717e-05  0.66924175 7.9361466e-05
8   14.49997 0.015064054 6.0141285e-05   0.6667051 8.0903618e-05
8  14.749974 0.014948633 6.5345405e-05  0.66403343 8.5100196e-05
8         15 0.014810955 6.5895281e-05  0.66150662 8.6805996e-05
8  15.249956 0.014814036 6.6009774e-05  0.65900698 8.7524789e-05
8  15.499978 0.014710968 7.2903959e-05  0.65644883 8.8903865e-05
8  15.749981 0.014595756 6.9949324e-05  0.65390842 8.9334369e-05
8         16 0.014460569 7.359557e-05  0.65150206 9.5755632e-05
8  16.249979 0.014494651 7.260975e-05  0.64888902 9.4067463e-05
8  16.499982 0.01430596 7.5516171e-05   0.6464962 9.9673933e-05
8  16.749984 0.014289167 8.1096061e-05  0.64398396 9.6391758e-05
8         17 0.014241303 7.7892863e-05   0.6416434 0.00010123235
8  17.249991 0.014054351 8.10974e-05  0.63909634 0.00010228744
8  17.499992 0.014134384 9.1110849e-05  0.63679666 0.00010336724
8  17.749992 0.01403009 8.5778968e-05  0.63427746 0.00010995774
8         18 0.014070836 8.8363966e-05  0.63193433 0.00010710518
8  18.249996 0.013909287 8.9498938e-05  0.62957432 0.0001131759
8  18.499997 0.014104629 9.0674572e-05  0.62706667 0.00012384046
8  18.749996 0.013997337 9.3393421e-05  0.62469186 0.0001209421
8         19 0.013900095 9.7325328e-05  0.62228824 0.00012871459
8  19.249999 0.013991585 0.0001024542  0.61995474 0.00012920578
8  19.499999 0.013942305 0.00010557966  0.61737575 0.00013468771
8  19.749998 0.013838036 0.00010917382  0.61499225 0.00013421614
8         20 0.013811225 0.00010967701  0.61277033 0.00014199095
8      20.25 0.013945588 0.00011378659  0.61026828 0.00014636418
8       20.5 0.013798498 0.0001172602  0.60781032 0.00014485463
8  20.749999 0.013456327 0.00011327773  0.60556043 0.00015442619
8         21 0.013748558 0.00011600317  0.60317166 0.00015581386
8      21.25 0.013465866 0.0001203665  0.60062635 0.00015380152
8       21.5 0.013261218 0.00012348532  0.59822234 0.00016566972
8      21.75 0.013342419 0.00012344519    0.596287 0.00015869476
8         22 0.013258735 0.00013037349  0.59362382 0.00016916534
8      22.25 0.013134151 0.00013397501  0.59148014 0.00017453061
8       22.5 0.013008759 0.00013923882  0.58926921 0.00018748127
8      22.75 0.013405758 0.00013794155  0.58686298 0.00018646302
8         23 0.013204586 0.00014472922  0.58454471 0.00020125764
8      23.25 0.01337984 0.00014253668  0.58212088 0.00021355653
8       23.5 0.013547676 0.0001407355  0.57983892 0.00021649584
8      23.75 0.013606182 0.000147208  0.57728296 0.0002211351
8         24 0.013528126 0.0001648242  0.57483354 0.00024134944
8      24.25 0.013682882 0.00016417741  0.57236877 0.00022905202
8       24.5 0.013915416 0.00015519303  0.56983724 0.00023538785
8      24.75 0.013846889 0.00016723317  0.56725478 0.00024557102
8         25 0.013864449 0.00017717881  0.56495753 0.00024269787
8      25.25 0.013789607 0.00016564218  0.56219658 0.00024189649
8       25.5 0.013970591 0.00016653759  0.55945506 0.00026140738
8      25.75 0.014240775 0.00017119161  0.55686725 0.00027148401
8         26 0.014538111 0.00018637145  0.55425084 0.00028197618
8      26.25 0.014625918 0.00018176014  0.55174936 0.00027926669
8       26.5 0.01466381 0.00019077898  0.54876676 0.00030017091
8      26.75 0.014885858 0.00018887206  0.54556747 0.00031670437
8         27 0.014901924 0.0001890956  0.54260728 0.00032907378
8      27.25 0.015681182 0.00018291132  0.53945599 0.00033513337
8       27.5 0.015847195 0.00019166887  0.53638358 0.00036494121
8      27.75 0.01610616 0.00019429205  0.53314698 0.00035707952
8         28 0.016536407 0.00020577687  0.53019809 0.00038613182
8      28.25 0.016968366 0.00019870248  0.52601533 0.00039903594
8       28.5 0.017889625 0.0002076116  0.52229934 0.00041080972
8      28.75 0.018434689 0.00019831049  0.51810525 0.00043169276
8         29 0.019239039 0.00020260025  0.51379294 0.00046595957
8      29.25 0.01934799 0.00019881159  0.50915076 0.00047145045
8       29.5 0.019875766 0.00018761791  0.50347749 0.00052796561
8      29.75 0.020111165 0.00017524554  0.49819751 0.00054525228
8         30 0.019927213 0.00017061116  0.49253304 0.00060190157
8      30.25 0.020192289 0.00015757363  0.48662009 0.00059533835
8       30.5 0.01967936 0.00015868653  0.48011805 0.00062889354
8      30.75 0.019686155 0.00016315978  0.47343623 0.0006410987
8         31 0.019676519 0.00016764078   0.4675498 0.00066459171
8      31.25 0.019369425 0.00016822461  0.45967308 0.00071078524
8       31.5 0.018791515 0.00014369462  0.45243425 0.00073148863
8      31.75 0.01846982 0.00011522237  0.44401089 0.00078252631
8         32 0.018333323 0.0001014607  0.43487711 0.00082411225
