0  
2.58496  
4  
5.08746  
5.58496  
4.32193  
0 0.58424936748095 0.023997018295766
1 1.1165020891111 0.0040463673650741
1.58496 1.1780777559339 0.0036059846911921
2 1.248599217096 0.0020156922969226
2.32193 1.1607847492226 0.0036090495897341
2.58496 1.3003664550321 0.0011605414658552
3 1.2929153791851 0.0025628730192469
3.16993 1.2582617076058 0.00301633447277
3.45943 1.2071203371973 0.0038123204641368
3.70044 1.2101534809948 0.0026448587293765
4 1.3270673456157 0.002036328541187
4.24793 1.2493669292164 0.0039475761401255
4.45943 1.2977793773783 0.00054907160431391
4.70044 1.3113690509252 0.0020231854737341
5 1.3468809845798 0.00079374383316341
5.24793 1.3332114324699 0.00080804992388257
5.49185 1.3491180520706 0.0028118762440484
5.72792 1.3395828991261 0.0027222723558542
6 1.3758044849574 0.0016923073525363
6.24793 1.3868637595161 0.0011431966664833
6.49185 1.400846341715 0.00069103137006343
6.74147 1.3993492255144 0.0011936263521109
7 1.4193474668261 0.0013139015405516
7.24793 1.4309682681128 0.002106867083897
7.49985 1.444404659814 0.0012052633784231
7.74819 1.4608318706169 0.00086611755253798
8 1.478290839799 0.0017868969805077
8.24793 1.4946542082016 0.0022325689701683
8.49985 1.512895134705 0.0022595701179771
8.74819 1.5278160480538 0.0025364150086788
9 1.5458336029676 0.0026925345957556
9.24793 1.5644771908648 0.0022053115391421
9.49985 1.5831752118368 0.0025205636995619
9.74987 1.6028408629231 0.0024374205904264
10 1.6218097732147 0.0023213899642747
10.2491 1.6397394869962 0.0040380599425551
10.4998 1.6605342081695 0.003164153227184
10.7499 1.6822561318193 0.0025708299553896
11 1.7021914632908 0.0019340822123319
11.2497 1.7242743000054 0.0025448352791258
11.4998 1.7454035909845 0.0016732995956194
11.7499 1.7674222079488 0.0011781555682708
12 1.7920425916425 0.0015373531986922
12.2497 1.81416798379 0.00054157007707199
12.4998 1.8390618009301 0.0024595769019956
12.7499 1.8634322923174 0.00047040873501414
13 1.8934468550911 0.0021217079686752
13.2499 1.9163946112723 0.0012198900896615
13.5 1.9430324187922 0.00039890307580321
13.75 1.9680486914425 0.00080563386932743
14 1.9963835407853 0.0014646209649378
14.2499 2.023701904943 0.0012635559711732
14.5 2.052514858833 0.00070668505867359
14.75 2.0889032753973 0.0026447460901762
15 2.1123889831235 0.0018966421562327
15.25 2.1527835555282 0.0027703629612507
15.5 2.1831182881255 0.0026231092501956
15.75 2.22154695037 0.003890726541698
16 2.2527165375915 0.0044037227764764
16.25 2.2863287245544 0.0059367842165075
16.5 2.3243480370277 0.0019690994069517
16.75 2.3702630874607 0.0007971266829215
17 2.4109399752376 0.0024344079153392
17.25 2.4553913496843 0.0072478125606795
17.5 2.5046879196971 0.0017587278863657
17.75 2.5529763738863 0.0055418581871054
18 2.6035998723972 0.0021475534036497
18.25 2.6542050753922 0.0083158406700811
18.5 2.7095182588794 0.0074300590348149
18.75 2.7732218779697 0.0046843040086701
19 2.8422806401369 0.01018802133875
19.25 2.909837323536 0.029069831749039
19.5 2.9836679580136 0.010338781020389
19.75 3.0545494164951 0.016388365592712
20 3.1527012495649 0.010268980565511
20.25 3.2465007119147 0.008157703644582
20.5 3.3331908195719 0.015144700614144
20.75 3.4587929128416 0.019952961593715
21 3.5788284595383 0.0091812160490203
21.25 3.6975333026576 0.012859453580576
21.5 3.6889134555422 0.05673917846204
21.75 3.8252339979071 0.039319769898294
22 3.9486680400989 0.02986659916112
22.25 4.0855715725564 0.026645869309438
22.5 4.2151465112908 0.038112995500513
22.75 4.3475000192719 0.051987219894218
23 4.4879582702444 0.044664043477535
23.25 4.6130076195645 0.042135648194918
23.5 4.7217694182863 0.040051643879645
23.75 4.8320374468333 0.041714920898414
24 4.9100147334003 0.034866046443632
24.25 5.0164491084428 0.041665654887263
24.5 5.1039857127627 0.049362168185374
24.75 5.1966004000731 0.037417693509008
25 5.2969641604753 0.053115258893849
25.25 5.3649798595214 0.075399548837835
25.5 5.4310652267724 0.05748516986874
25.75 5.511003911032 0.051387667095331
26 5.5515325801865 0.049581909059064
26.25 5.6084647795941 0.060586366279948
26.5 5.6300121213514 0.049466026854789
26.75 5.6841743419046 0.050879660909335
27 5.708780444169 0.038560683797026
27.25 5.740507159342 0.049373152131518
27.5 5.782679955595 0.069665476388191
27.75 5.7914589550577 0.07827638015716
28 5.7916130953207 0.07522030571253
