0  
2.58496  
4  
5.08746  
5.58496  
4.32193  
0 0.55869043913255 0.0079929624451451
1 1.1122266930706 0.0018931122062072
1.58496 1.1749661636958 0.0022576252759709
2 1.2483295536273 0.0016551885934178
2.32193 1.1612662967801 0.0022911219041158
2.58496 1.3014477889586 0.0005395306989147
3 1.2947038049363 0.00070623427115009
3.16993 1.2597308552338 0.0030383986173387
3.45943 1.2126237602508 0.0034645978382968
3.70044 1.214386860724 0.0028557762105365
4 1.3306141617873 0.0011084628646253
4.24793 1.2558123161599 0.001772993851791
4.45943 1.3048576293906 0.0007958377872455
4.70044 1.3175241723808 0.00127726196281
5 1.3558475019896 0.00082535183508305
5.24793 1.3427628012665 0.0008228199241004
5.49185 1.3576763625905 0.0017341221142333
5.72792 1.3506804109092 0.002787014231366
6 1.3891386486417 0.0009109519542875
6.24793 1.3973326458171 0.0017385694136655
6.49185 1.4122518731712 0.00094411267029734
6.74147 1.4173139927805 0.00046315104546343
7 1.4385192203172 0.0025538451960227
7.24793 1.4519088364649 0.0021906627148391
7.49985 1.4680921415116 0.0012992885084962
7.74819 1.4844456926898 0.00073217631542481
8 1.5034845519513 0.0014575818175872
8.24793 1.5229907986614 0.0016402543562378
8.49985 1.5432778578017 0.00101645507045
8.74819 1.5654506698474 0.0011931779908337
9 1.5859062330868 0.0020289323378994
9.24793 1.6094654045034 0.0020490133075589
9.49985 1.6322002248646 0.00041918987572251
9.74987 1.6564444228662 0.00028952938385595
10 1.6834101926765 0.00227020274734
10.2491 1.7137365926547 0.0019737341933553
10.4998 1.74161058764 0.0022951594983127
10.7499 1.7726596024328 0.0019388079419238
11 1.8055731457868 0.0011579067995501
11.2497 1.8399866585933 0.00075175780824652
11.4998 1.8763794805105 0.00098658107056702
11.7499 1.914839081549 0.0021928578369375
12 1.9585032318093 0.0012191106539084
12.2497 2.0043847317475 0.0018977079533341
12.4998 2.0537987721552 0.0010699667824426
12.7499 2.1084187783236 0.0036818634619698
13 2.1659640416604 0.0036416625742349
13.2499 2.2281089212395 0.0043740457034425
13.5 2.2941612515184 0.0024291171013218
13.75 2.3650518461913 0.0027641491796327
14 2.4395451592044 0.0052110549699795
14.2499 2.5202733291988 0.0021785104951271
14.5 2.6053167179771 0.0035550217049121
14.75 2.6817156542478 0.0061042112127343
15 2.7553249498985 0.0067585298454725
15.25 2.8223280954159 0.0046805615749799
15.5 2.892215053084 0.0015120253516265
15.75 2.9691905527962 0.0068664827790121
16 3.025284835163 0.0043136290170288
16.25 3.0857283397739 0.0051049787705591
16.5 3.1527171559053 0.0079959371907936
16.75 3.1948021087346 0.010028157195168
17 3.2353574553807 0.011246302541276
17.25 3.2811442691488 0.010739565955709
17.5 3.3183544346877 0.0102405333967
17.75 3.3538747488176 0.012092878706512
18 3.3934005092243 0.011503730169955
18.25 3.3938534085091 0.018556542073715
18.5 3.4222699729684 0.015473290913268
18.75 3.452131207231 0.011673958062675
19 3.4688324019212 0.01166244869206
19.25 3.4906328162549 0.012068096165791
19.5 3.5201212066935 0.0083323222818385
19.75 3.5376505845798 0.012353620220475
20 3.5587058420645 0.0089833252277877
20.25 3.5737726122347 0.009268794849248
20.5 3.5898629733665 0.011792003713646
20.75 3.6054650075716 0.011923800539735
21 3.6179887587165 0.011049789037101
21.25 3.6327159246276 0.010304190698497
21.5 3.6490279729165 0.014310432478975
21.75 3.6690164269484 0.018499042618793
22 3.6765236634489 0.01431367205136
22.25 3.6920310542951 0.013193331998381
22.5 3.7088233824117 0.01379074697853
22.75 3.7098411894888 0.010843082387225
23 3.7220214904539 0.012202715491008
23.25 3.7411446587663 0.0092190145503849
23.5 3.7572115874987 0.011370786362487
23.75 3.7896507811794 0.011393970102347
24 3.7863912971044 0.013693127163071
24.25 3.7967196179252 0.01232338560192
24.5 3.8029320847085 0.0099519728763991
24.75 3.8195152824973 0.019666932462495
25 3.8347269904001 0.014217361002515
25.25 3.8572404861748 0.0066525967864525
25.5 3.8668384070494 0.0070692861900009
25.75 3.8914341793349 0.0065452302351429
26 3.9150199814326 0.0072583101987393
26.25 3.9232593254258 0.0073423088805449
26.5 3.9357445320189 0.009128104901107
26.75 3.9529980717352 0.010181063033049
27 3.9626835864545 0.016710646108733
27.25 3.9761126767358 0.018818154210136
27.5 3.9932176697817 0.027250692469909
27.75 4.0028288741095 0.01988443590816
28 4.0132626498549 0.020491755417672
